-3.094831 
-0.144238 
2.324234 
-0.083230 
-0.152366 
-0.059030 
-0.981831 
0.016201 
-2.389066 
-0.146540 
-1.763044 
2.288471 
0.224013 
-0.231750 
-0.039468 
0.031670 
-0.410822 
-0.207736 
0.038510 
-1.819615 
-0.329741 
2.961139 
-0.156192 
2.164612 
-0.087239 
-0.047681 
-0.080947 
-1.527206 
0.027763 
-1.498074 
0.021490 
-2.473450 
0.654253 
-1.638320 
-0.213881 
-0.231349 
0.078271 
-0.459116 
-0.169139 
0.094388 
-2.289063 
-1.960570 
0.000288 
-0.000197 
-2.928505 
-0.002070 
-0.006578 
0.034299 
-0.234053 
-0.007370 
0.112261 
-0.621436 
0.162248 
2.049759 
-1.535601 
-0.023316 
0.061959 
-0.019181 
-0.014756 
-0.040446 
-0.047779 
-0.456340 
-3.066706 
-0.141495 
-0.016430 
-2.982613 
-0.053833 
-0.051110 
-0.039193 
-0.792919 
-0.053903 
-2.985996 
-1.420839 
0.041928 
1.638281 
0.290324 
-0.104314 
0.088061 
-0.067062 
0.130206 
-0.054045 
-0.016111 
-2.177532 
2.988378 
-0.000041 
-0.101777 
-0.236737 
-0.172988 
0.045799 
-0.075916 
-0.903547 
-0.071242 
3.271120 
-0.330412 
-0.273700 
3.065353 
-0.507304 
-0.116626 
-0.093023 
-0.081414 
-0.289825 
-0.138731 
0.017041 
-3.103400 
-0.093030 
-2.180552 
0.126031 
-0.019303 
-0.042929 
0.007825 
-0.024727 
0.513575 
0.033141 
0.190811 
-0.129040 
-3.679927 
-3.913250 
-1.765897 
0.142843 
0.075565 
-0.071683 
0.716862 
0.241443 
0.036856 
0.040097 
0.404047 
2.202777 
-0.097092 
0.504268 
-0.158645 
0.050708 
0.029133 
-0.499342 
-0.047313 
-0.074650 
-0.278701 
-3.532586 
-2.551709 
0.692003 
-0.070471 
0.035708 
0.247638 
-1.294599 
-0.097521 
-0.051153 
-1.177095 
0.143421 
0.220465 
-0.064381 
1.470264 
-0.151881 
-0.040333 
0.040989 
-0.968567 
-0.073775 
-2.548995 
-1.829027 
4.439929 
-1.989484 
1.384893 
-0.209231 
-0.025724 
0.163508 
-1.040451 
-0.289042 
-0.047058 
-2.820072 
-0.453098 
0.041949 
-0.035530 
1.450854 
-0.102969 
0.010129 
-0.035452 
-0.828168 
-0.002374 
2.913683 
-2.233354 
2.640989 
-1.514389 
-2.449838 
-0.140416 
-0.037187 
-0.230549 
0.173559 
-0.072901 
0.065197 
-3.153607 
-1.443844 
-3.120857 
0.020975 
-2.631134 
-0.015742 
-0.001281 
-0.042287 
-0.075489 
0.005948 
-0.065220 
0.525362 
2.552370 
-1.455189 
0.288209 
-0.141057 
0.058910 
0.027339 
-0.152935 
-0.087206 
-0.069304 
-1.041526 
-0.295126 
2.907977 
-0.161846 
-2.738857 
-0.087164 
-0.101773 
-0.014382 
-0.737000 
0.049905 
-0.198219 
1.206033 
0.257496 
-2.458051 
-1.463030 
-0.323393 
-0.121529 
0.008872 
-0.581535 
-0.312849 
0.035782 
-1.459785 
-0.075387 
-0.051267 
-1.892946 
-0.199240 
-1.805697 
2.705791 
0.616832 
-0.638584 
1.365523 
-0.132200 
-0.227960 
-0.087547 
-0.208225 
-0.083943 
2.186941 
0.351706 
-0.855913 
0.004212 
-1.378561 
-1.138991 
-1.360778 
0.021095 
-0.045777 
2.107695 
-0.099298 
-2.494151 
-3.077799 
-1.445440 
0.148163 
-1.225543 
-0.010281 
-0.064631 
-0.039184 
-0.083553 
-0.075843 
3.032537 
-1.343391 
-0.108401 
-0.177598 
-1.964138 
1.102928 
-1.909225 
-0.101622 
0.093270 
0.199215 
-0.123914 
-4.364271 
0.095685 
0.456338 
-0.879013 
-0.024473 
0.068138 
-0.014335 
-0.102558 
0.112893 
-0.023124 
-2.612977 
1.521697 
-1.156220 
-0.144745 
0.923268 
0.396226 
-0.102591 
0.004183 
-0.110056 
-2.273587 
-0.399486 
4.729306 
0.797829 
2.554731 
-2.025397 
2.827195 
-0.142896 
-0.434574 
-0.266029 
-0.088266 
-0.250200 
-3.956998 
2.611600 
-2.203249 
-0.666750 
0.066589 
-0.119052 
-4.022457 
0.428448 
-0.249604 
2.250557 
-0.622373 
1.478204 
-1.823139 
-3.148908 
-0.498204 
-3.340840 
-0.384076 
-0.641259 
-0.410576 
-1.414413 
-0.216084 
-2.009332 
3.299143 
-0.530742 
0.551854 
-0.217928 
0.177361 
-2.891789 
-0.911035 
-0.122498 
1.177491 
-0.372146 
0.116098 
-0.381905 
-1.516199 
-0.104605 
-0.099964 
-0.275826 
-0.305699 
-0.169610 
-0.471530 
-0.158164 
0.289251 
-3.265285 
-0.309748 
0.037816 
0.039154 
2.994704 
-1.777244 
-0.238734 
-0.272119 
-0.046216 
-0.459324 
-0.213290 
1.053239 
0.420189 
1.437397 
0.191051 
-0.076890 
-0.419091 
-0.282232 
-0.065379 
-0.226600 
0.054791 
-2.336705 
-2.201522 
-0.568305 
2.924150 
-3.268802 
-1.667897 
0.059084 
0.253610 
0.031107 
0.422583 
1.475166 
-1.964985 
-0.911373 
-0.908841 
-0.419584 
0.034865 
0.332325 
0.224713 
0.100573 
0.278182 
-2.721453 
-1.092133 
-3.643325 
0.574208 
-3.013193 
-2.843298 
-0.303708 
0.130228 
-0.050079 
0.011096 
-0.218185 
0.216514 
1.049701 
-3.149752 
-0.703753 
-0.778654 
0.035920 
-0.200798 
-0.089884 
-0.247021 
-0.065104 
-0.295634 
0.064001 
3.179242 
-0.155085 
-1.605527 
-0.983641 
-0.481630 
-0.206476 
-0.055516 
-0.158505 
-0.336271 
3.013120 
-0.538764 
3.103934 
-0.178454 
-0.054088 
0.003604 
-0.312327 
-0.203825 
-0.379916 
0.005601 
0.236229 
-1.507182 
0.838499 
-0.013947 
-1.637009 
-0.957967 
-4.569472 
-0.211841 
-0.001806 
0.038340 
0.106138 
-3.016823 
-0.617958 
1.561767 
0.071116 
0.153343 
-0.039086 
0.066136 
0.041150 
0.081112 
-0.055816 
-1.928056 
-1.262372 
1.129277 
-0.021694 
0.121589 
-1.205908 
-1.437783 
0.000961 
