0.113727 
0.104556 
-0.704373 
0.335021 
-0.503813 
0.646997 
0.392833 
-0.682055 
0.459583 
-0.350868 
-0.251466 
-0.912784 
-0.334843 
0.105443 
0.050434 
0.222707 
0.049183 
0.562476 
0.328186 
0.500559 
0.138030 
-0.260202 
0.277619 
0.260639 
-0.036982 
-0.378650 
-0.473700 
0.080431 
0.163761 
-0.397256 
0.339549 
0.073213 
0.219376 
0.325367 
-0.217780 
-0.229360 
-0.150168 
0.131266 
-0.615684 
0.432369 
-0.503414 
0.379124 
0.340171 
-0.338938 
0.245468 
0.279302 
-0.365993 
-0.874143 
0.186794 
-0.241509 
-0.038566 
0.038290 
-0.450259 
0.110324 
-0.465502 
0.350437 
-0.108396 
