-0.528865 
0.382004 
0.847566 
-0.334941 
1.829901 
0.108786 
-0.268803 
-0.300497 
1.114155 
-1.227384 
-0.834972 
-1.283564 
0.227045 
0.708339 
-0.640086 
-0.613235 
0.897605 
-0.935108 
-0.325460 
0.696291 
-0.572520 
-0.229786 
-0.624618 
0.791298 
0.491357 
-1.809981 
-2.118936 
0.228003 
0.371444 
1.122998 
0.745585 
-0.121124 
1.471621 
0.229212 
-0.671677 
0.655921 
0.683562 
0.522175 
-0.916449 
-0.083852 
0.802600 
-0.468832 
-0.800928 
-0.862635 
-1.439810 
0.033757 
-0.059778 
-0.149888 
1.179607 
0.014560 
-0.978559 
-0.404787 
0.160230 
1.139399 
-0.018418 
-2.079925 
-0.675383 
-0.402255 
0.810044 
0.522401 
-0.312198 
1.721835 
0.599420 
0.251151 
0.037870 
0.035184 
-0.156325 
-0.310856 
0.729039 
-0.335539 
-1.626294 
-0.307957 
-1.135430 
-1.406434 
-0.589122 
0.746092 
-0.940383 
-0.349543 
-0.013541 
-0.414068 
-0.431139 
0.516136 
0.464593 
-1.895869 
-0.297329 
-0.866833 
-0.163399 
-0.880367 
-0.726629 
-1.159110 
-0.071836 
-0.863695 
0.279214 
-0.758922 
-0.110291 
0.332454 
-0.009520 
-0.406845 
0.048700 
0.514520 
0.374631 
0.196503 
-0.358394 
0.858547 
-0.386433 
0.449597 
-0.322695 
1.361096 
-0.534679 
0.339938 
0.082071 
-0.025283 
-0.495769 
-0.515072 
-0.321157 
-0.346871 
-1.991910 
0.336188 
-2.629933 
-0.457385 
0.163487 
-0.189206 
-0.387355 
1.136320 
0.323091 
0.863452 
-1.099829 
-0.214103 
0.833208 
-1.680555 
0.051180 
0.497840 
1.299432 
-0.704782 
-0.000976 
-1.368156 
-2.665862 
0.006758 
-1.151420 
-1.945413 
-0.937102 
-0.217672 
0.659776 
-0.793282 
-0.487893 
0.802712 
0.857072 
-0.114310 
-1.346715 
0.746243 
-1.771337 
0.789541 
-1.387304 
-1.134983 
-0.455530 
-0.349681 
1.216828 
0.143078 
-1.641419 
1.404433 
0.034017 
-1.348099 
-0.432233 
0.217076 
0.908943 
-0.087944 
1.664261 
-0.273526 
-1.017991 
-0.943418 
1.568621 
-0.111289 
-0.361070 
1.717319 
-0.053245 
-0.356155 
-0.756434 
-0.368968 
0.703263 
-0.862601 
0.354888 
0.814925 
1.321958 
1.171669 
-1.273028 
-0.885525 
-0.829075 
-1.139463 
0.455286 
0.755769 
-0.103279 
0.280777 
-1.979428 
0.150323 
0.575166 
-0.751475 
0.267063 
-0.104352 
-0.227743 
0.132206 
0.611721 
-0.584649 
0.611273 
1.248975 
0.277790 
0.590607 
-0.851124 
-1.823572 
0.490301 
0.285143 
-0.439619 
1.293918 
1.064254 
-0.119771 
-0.444644 
0.124082 
1.565663 
-0.451195 
1.444156 
-0.720867 
0.316703 
0.774535 
0.116672 
-0.287496 
-0.048664 
-0.476577 
-0.140351 
-0.994292 
1.379417 
-1.244462 
-0.563991 
-1.259195 
-1.642709 
0.375511 
0.788834 
1.706863 
0.767156 
0.680007 
-0.378814 
1.052796 
-0.557366 
0.609693 
0.306470 
-0.418581 
0.927631 
-1.530395 
-0.200048 
0.206392 
-1.525363 
-0.629425 
1.652481 
1.156277 
-1.988690 
-1.707026 
-1.189309 
0.997504 
-1.021154 
-0.314191 
-3.002484 
-1.393421 
-0.137484 
-1.594755 
0.342494 
-0.004181 
0.031019 
0.691040 
0.897521 
0.814303 
-1.264828 
1.251233 
0.177552 
-1.224048 
-0.520563 
-0.432845 
0.097532 
-0.560319 
-0.761314 
-0.441972 
1.299351 
-0.706545 
-0.386897 
-1.502521 
1.557507 
-1.575692 
1.191982 
-0.147365 
-0.609434 
0.203559 
0.356889 
0.869509 
0.863552 
-1.034159 
-1.813686 
0.103642 
-0.738785 
-1.112669 
1.263273 
-0.596328 
0.046930 
-0.056649 
1.076818 
-1.278821 
0.393581 
-1.166254 
0.374459 
0.277612 
0.317853 
1.333362 
-0.801930 
0.991005 
-0.394144 
0.616990 
-1.757375 
-0.277204 
0.086545 
-1.046813 
0.647300 
-1.336658 
1.543757 
-0.338588 
-0.282860 
2.674221 
-0.156694 
-0.768526 
-0.534079 
-1.565962 
-1.557302 
0.779498 
0.000800 
-0.508371 
-0.488614 
0.571854 
-2.572965 
0.149523 
-0.848167 
-0.032370 
1.716740 
-1.258519 
-1.813011 
1.150564 
-0.239082 
0.200368 
-0.473993 
-0.929216 
1.559614 
0.798568 
0.154541 
-0.755914 
0.632526 
-0.569346 
-0.409134 
-1.302533 
1.942369 
-0.764205 
0.853484 
1.839464 
-1.043482 
-0.603277 
2.636012 
-1.403244 
-0.919973 
-1.125797 
0.019338 
0.000072 
-1.025510 
0.115568 
-0.433693 
0.850181 
1.126042 
-0.039676 
-0.607505 
-0.933216 
-0.564503 
-1.451754 
0.089525 
-0.731270 
-0.764337 
1.115588 
1.151446 
0.572240 
0.008287 
0.040716 
0.063166 
-2.082630 
-0.965041 
-0.283932 
0.288843 
1.119729 
-0.684336 
1.342591 
0.422351 
-0.184290 
0.311961 
-0.080210 
-0.301373 
0.022531 
-1.049736 
0.155744 
0.518831 
-0.684364 
-1.057414 
0.025084 
-1.579614 
-0.604124 
-1.464937 
-0.671726 
-0.057012 
-0.094065 
0.465435 
0.998059 
-0.600954 
-0.673812 
0.349073 
0.771945 
-0.016601 
0.600849 
-2.035442 
1.199089 
-1.304747 
-0.741444 
0.249558 
2.980283 
0.238754 
-0.431076 
1.124823 
-0.180028 
0.208477 
0.268689 
-0.549760 
0.773292 
1.731255 
0.390058 
-1.852728 
0.099127 
-0.828958 
-2.625565 
-1.449059 
0.023139 
-1.689914 
-1.224522 
0.429186 
0.960306 
1.037098 
-0.522910 
-1.182701 
0.162211 
-1.909740 
-1.156000 
0.585337 
1.091529 
-1.176170 
0.634235 
1.078793 
-0.030954 
-0.005908 
0.335562 
-0.571523 
0.988910 
1.575468 
0.898326 
-0.853784 
-1.534433 
-0.987110 
-0.287377 
-0.125303 
-0.590096 
-0.181286 
-0.479937 
0.994709 
-0.476559 
1.583278 
-0.409111 
-0.963224 
-1.305556 
0.308575 
-0.425227 
-0.252359 
-0.247342 
-1.435864 
1.674076 
-0.728891 
-0.827988 
-2.116675 
1.824882 
-0.680684 
0.704722 
0.311792 
-0.660370 
0.535021 
1.020273 
-0.153900 
-0.555333 
0.935425 
-0.656958 
0.052407 
0.066321 
-1.703583 
0.529515 
0.174932 
-0.469891 
0.423830 
0.329217 
-0.347982 
0.335261 
-2.342260 
0.283537 
-0.580681 
-1.522117 
0.249673 
0.299588 
-0.605054 
-0.304796 
1.510376 
0.192910 
-0.350402 
0.752947 
1.825176 
0.130127 
-0.988524 
-0.909980 
0.579827 
0.472014 
-0.498589 
-1.490847 
-0.817143 
-0.003202 
1.242358 
-0.619818 
-2.173017 
1.066304 
-0.705301 
-0.358408 
-0.466715 
-0.544419 
1.592266 
1.804238 
-1.189350 
-0.707564 
1.463592 
-1.238505 
-0.124435 
0.241310 
-1.072903 
1.019240 
-0.082441 
-1.164714 
-0.995665 
0.190552 
-0.862760 
0.177460 
0.510657 
1.118870 
-2.807144 
-0.054423 
-0.889815 
0.853989 
-0.692761 
-0.109058 
-1.455415 
0.507042 
-1.782775 
-1.854827 
-0.657559 
1.488968 
-0.755856 
-0.256300 
-1.672688 
-0.312324 
1.003933 
-0.145646 
0.159565 
-0.586135 
-0.988541 
0.237204 
-0.382268 
-0.512451 
-0.655776 
-0.106223 
-2.012438 
-0.208224 
0.209261 
1.311513 
0.364648 
1.531059 
-1.312879 
0.152106 
0.322297 
0.167827 
1.506309 
-0.958997 
0.325862 
0.577601 
1.274972 
1.066771 
-0.282806 
0.994623 
1.262864 
0.941932 
-0.570713 
-0.116536 
1.008530 
-0.181252 
-0.268457 
-0.922037 
-1.556965 
-0.201183 
0.986571 
0.642679 
-1.173367 
-0.774971 
0.771256 
1.170673 
-2.869410 
0.235939 
0.984266 
0.468033 
-1.401851 
0.755169 
1.451193 
-0.668978 
-0.965449 
-1.705672 
0.609970 
0.176761 
0.422677 
1.101552 
-1.502306 
-0.903977 
-2.501836 
0.043312 
-1.333664 
-0.042274 
-0.710376 
-0.382319 
0.426139 
0.131360 
1.169101 
0.061072 
-1.185539 
0.685506 
-1.455764 
1.008597 
-1.323110 
1.004048 
1.694296 
0.841350 
-0.272902 
0.364981 
-0.225377 
0.330506 
0.878687 
0.165779 
0.714664 
-0.560108 
-0.165819 
-0.895240 
-0.368636 
0.652061 
-1.440146 
0.388191 
0.988781 
-0.364246 
0.693309 
1.110170 
-1.051962 
-0.050823 
-1.762632 
-0.395196 
1.310997 
-0.706923 
-1.728560 
-0.929412 
-0.425099 
0.659805 
-0.362132 
-0.675546 
-0.742491 
1.016529 
-1.124599 
-0.850811 
0.494882 
-0.950650 
-1.165293 
-1.174389 
1.610972 
0.499664 
0.724642 
1.070115 
1.133378 
-1.718737 
-0.212037 
0.620271 
1.382296 
0.916602 
-0.339617 
-1.166346 
0.917745 
-0.083416 
0.032522 
-0.589106 
0.227571 
0.006475 
-1.258163 
-0.024890 
-0.998728 
-0.811442 
-1.387560 
0.656074 
0.326832 
-0.908057 
1.522144 
0.188525 
1.778405 
0.284333 
0.322970 
-0.928465 
-0.209641 
0.207181 
0.241170 
-0.592241 
-0.533884 
-1.690288 
-0.371803 
0.748053 
-0.085330 
-1.790017 
0.630774 
-1.045836 
-1.247558 
-1.304104 
-0.279201 
-0.382205 
-0.055381 
-0.192274 
-1.884412 
-1.273962 
1.145029 
0.545979 
0.189035 
0.595986 
1.006622 
-0.207499 
-0.105029 
0.172975 
-1.216041 
-0.032577 
-0.683782 
0.215594 
0.292059 
-0.768893 
-0.665763 
-0.992311 
0.745923 
0.690199 
0.868123 
-1.251741 
0.190693 
-0.299550 
0.297881 
-0.107709 
1.197242 
2.762603 
0.340011 
-3.134172 
0.217675 
0.623890 
-0.456348 
0.254094 
1.154232 
1.740615 
-0.335606 
-1.263230 
-0.445747 
-1.209510 
0.544889 
0.314678 
-0.486380 
1.431903 
-0.632506 
1.063782 
-0.025107 
-1.487335 
-1.093660 
1.413078 
0.080508 
1.188214 
-0.050499 
0.037471 
-1.404088 
-0.235814 
-0.243872 
1.582385 
1.772594 
0.784399 
-0.530611 
-2.490599 
-1.541660 
0.687653 
-0.634388 
-0.394208 
-1.017794 
-0.341830 
0.907457 
-0.784598 
-0.239497 
-0.976438 
1.099140 
-0.005229 
-0.606323 
0.996566 
-0.708272 
0.605678 
-0.411984 
-0.484686 
-0.526008 
0.579850 
1.335428 
0.071964 
-0.850788 
1.137269 
0.729857 
-0.357191 
-0.476151 
-0.634827 
-1.374919 
-1.025496 
1.308145 
-0.658856 
-0.210092 
-0.418456 
-0.010398 
-1.401608 
0.445431 
-0.436730 
0.889406 
-1.564203 
-2.284734 
1.077095 
1.877753 
-1.812076 
-0.826446 
-0.346700 
0.746677 
-1.174215 
-1.672143 
-1.428348 
-0.012876 
0.012899 
-0.718232 
-0.707994 
-0.896474 
-0.417762 
0.639211 
1.243822 
0.833604 
-1.876727 
0.370426 
-0.096521 
-0.160211 
-1.361785 
0.648450 
2.868505 
0.389375 
0.113716 
-0.726844 
0.383005 
-0.639139 
0.000008 
-2.196212 
1.468453 
1.625127 
-0.597398 
0.707585 
-1.712166 
-0.111966 
-0.810622 
-0.266259 
-0.853714 
-0.591237 
-0.265517 
0.473079 
1.713120 
-0.702511 
0.653539 
-1.119771 
0.438100 
0.093832 
-0.778761 
-1.253105 
0.669192 
-0.002262 
0.905609 
0.509470 
-1.569118 
0.204205 
1.951403 
0.240448 
0.422205 
-0.407416 
-0.582659 
-1.404265 
-0.055650 
0.189667 
-0.183820 
0.073173 
0.860195 
0.357878 
-0.499192 
-0.389431 
-1.150163 
-1.399756 
-0.399230 
-1.862250 
-1.904399 
0.781752 
0.910065 
-2.026553 
-0.176071 
-1.449708 
0.218724 
-0.409131 
-0.798099 
0.788503 
0.008166 
-1.416453 
0.642107 
1.373562 
0.416702 
-0.509863 
0.474264 
-0.442615 
1.388359 
0.446325 
-1.055480 
0.602609 
0.781044 
0.802339 
-0.376320 
1.030722 
0.628901 
0.914405 
0.435433 
0.685835 
-0.955838 
1.755850 
-0.101766 
0.135368 
0.238671 
0.078136 
-1.443938 
-0.296261 
-0.208458 
-1.653683 
0.659684 
0.173855 
-0.407575 
0.999135 
0.923163 
-1.070007 
-1.106909 
0.223421 
0.740737 
-1.060897 
2.127989 
0.818639 
0.868081 
0.087705 
-0.735989 
-0.235889 
-1.619622 
-1.432043 
-0.640790 
0.756234 
0.878971 
0.342634 
-0.212472 
0.696981 
-1.771206 
-0.572444 
-0.393981 
0.008512 
-0.822023 
-0.833125 
-1.828798 
1.270658 
-0.211438 
0.173615 
-0.182857 
0.122626 
-0.064742 
-1.259533 
-2.696568 
-1.697031 
-1.501690 
0.266325 
1.419831 
0.974439 
0.175981 
-0.193653 
-0.495094 
0.201483 
-0.349911 
-0.538025 
-0.071639 
-0.725636 
-1.087867 
0.227197 
-0.574063 
-0.326959 
0.271052 
-0.126388 
-1.083210 
0.627707 
0.209114 
-0.747876 
-0.686970 
0.384411 
-0.799388 
1.207193 
1.007717 
-0.306544 
-0.452777 
-0.713978 
-1.177799 
1.005649 
1.760559 
1.152371 
0.339726 
1.167636 
-0.405665 
-0.850102 
-0.060659 
-0.529314 
-0.441975 
-1.496965 
0.173376 
0.582493 
-1.714622 
-0.484886 
0.829524 
-0.022266 
-1.549447 
0.079753 
0.872133 
-1.414006 
0.324716 
1.319887 
-0.195172 
-0.736080 
-1.295187 
0.819890 
-0.478764 
1.092992 
-0.144946 
-0.067906 
-0.428439 
0.230922 
-1.063117 
0.234484 
0.223893 
-0.101271 
-1.056119 
0.681793 
-1.940211 
-0.381803 
-0.425594 
-0.104559 
0.499860 
-0.475604 
-0.799420 
0.310193 
1.680670 
-0.209829 
1.422324 
-0.792317 
0.438012 
0.345265 
-0.169938 
0.450108 
-0.429643 
1.421938 
-0.349456 
-0.319366 
0.988429 
-0.672556 
-1.196913 
-0.830088 
-0.632194 
-0.529946 
0.138942 
-0.666262 
-1.284453 
-1.239112 
0.533854 
-0.745954 
-0.812706 
-1.043000 
-0.900294 
0.244133 
0.438755 
-0.813931 
-1.253009 
0.515803 
-0.869690 
-0.959729 
0.403675 
0.958722 
-0.409587 
-0.419106 
-0.643121 
0.533673 
0.961456 
-0.262195 
-1.813174 
-1.335988 
-0.132504 
-0.602255 
0.530454 
-0.860676 
0.209852 
-1.199056 
-0.412347 
-0.139283 
-0.720934 
1.305566 
-1.658022 
0.706977 
-1.394497 
-0.297669 
-0.290941 
-0.937913 
-0.028081 
-0.376525 
1.452643 
0.712853 
-0.114333 
0.910490 
-1.389460 
-0.449582 
1.507401 
-0.015221 
0.922936 
-1.206909 
0.153482 
-0.116082 
-0.303941 
0.700966 
-1.762689 
0.332584 
0.299690 
-1.244532 
1.283697 
0.617125 
-0.632659 
-0.258461 
-1.141741 
-0.989164 
-0.140927 
-0.768425 
0.530052 
-0.741838 
0.444763 
0.122344 
-1.097181 
0.834489 
-0.158559 
0.560513 
-0.264324 
0.070137 
0.159588 
-0.444488 
1.142244 
-1.871860 
-1.023493 
-0.217686 
0.145911 
0.029835 
-0.577788 
0.023590 
0.178264 
-0.365884 
0.742222 
-0.222232 
0.371706 
-0.169701 
-0.997160 
0.465075 
-1.092687 
0.605081 
0.677996 
-0.322675 
-0.046309 
0.012435 
-0.270201 
-1.372376 
0.295199 
0.685670 
0.335677 
-0.060219 
-0.593463 
-0.894089 
0.584496 
-0.334145 
1.145377 
0.476113 
0.012222 
0.583224 
0.229515 
0.543415 
-1.948579 
-2.385728 
-0.337084 
0.407882 
0.297892 
1.751701 
1.279198 
0.521282 
0.279562 
0.696853 
-0.734599 
2.277277 
-0.785456 
-1.220344 
-0.409534 
-1.011683 
1.652389 
-0.508334 
2.378586 
-0.646669 
-1.202115 
-0.749270 
-0.006702 
-0.684444 
-0.512263 
-1.032872 
0.261189 
-0.114642 
0.749978 
-0.599790 
-1.017834 
2.001446 
1.574179 
-0.202746 
-0.656223 
0.589874 
0.944878 
0.972513 
-1.157740 
-1.117950 
-0.982026 
-0.934598 
-0.131927 
-0.289185 
0.107975 
-0.004291 
-0.883563 
1.083978 
-1.839505 
0.081759 
0.242122 
-0.790632 
-0.279774 
0.670557 
-1.325402 
-1.758880 
-1.282217 
-1.331416 
-0.507184 
-0.244644 
-0.572203 
1.033366 
-0.695230 
-0.709584 
0.003684 
-1.046659 
0.022676 
-0.166241 
0.584730 
0.521550 
-0.410990 
-1.428842 
-0.594544 
1.175068 
-0.276945 
1.266422 
1.508758 
-0.551850 
-0.302966 
-0.495797 
0.435432 
-0.666805 
0.858326 
-0.001093 
-1.010187 
-0.835452 
0.687737 
-0.445947 
0.976382 
-0.642162 
0.180850 
-0.545067 
1.604383 
-0.787263 
-0.504695 
1.306688 
1.211743 
0.360493 
0.303516 
0.275310 
1.948958 
-0.127292 
-1.139521 
0.386128 
-0.068567 
1.511819 
-1.772902 
-0.240844 
-2.061095 
-1.781288 
0.274417 
-2.605242 
-0.317145 
-1.057851 
-1.100695 
0.985292 
1.334072 
0.552652 
-1.585885 
0.213637 
-0.147341 
0.644458 
-1.709240 
0.442957 
-0.864132 
1.291922 
-0.771676 
0.401268 
0.363822 
0.305563 
-1.332984 
-1.466407 
1.857408 
1.207383 
0.067332 
0.249771 
-0.097844 
0.239696 
0.824672 
0.674159 
-1.257085 
-0.016097 
0.486773 
0.205188 
1.159479 
0.499725 
1.267890 
0.643281 
-1.088958 
-0.205653 
-1.562075 
0.781632 
-0.294439 
-0.375175 
-0.538986 
-0.805794 
-1.539918 
-0.135551 
-0.251828 
0.744179 
-0.897659 
-0.756395 
-0.241511 
-0.206861 
-0.539603 
-1.522093 
-0.339007 
-0.512554 
-0.160118 
0.739141 
-0.874343 
0.754760 
-0.387890 
0.033809 
-0.428861 
-0.825484 
1.413203 
-1.525801 
1.190907 
0.049300 
-0.536308 
1.458491 
-1.310315 
0.304295 
-0.332025 
0.549088 
-1.298199 
-0.927653 
0.636917 
-0.550682 
0.113805 
1.286780 
-1.888499 
-0.073247 
-1.340530 
0.426583 
-0.744932 
-1.337331 
-0.269465 
0.265276 
-1.100909 
1.535393 
-1.607168 
-1.073792 
-2.106325 
-1.925755 
0.994785 
-0.855397 
0.302504 
-0.362101 
0.470019 
2.163715 
0.257346 
-1.525970 
0.803596 
1.129692 
-0.104741 
0.791385 
-0.930153 
1.068421 
1.581908 
-2.124574 
1.241801 
-0.190699 
1.245606 
-0.123937 
0.186148 
-0.991297 
0.151828 
-0.746065 
-0.473545 
-1.021420 
-2.207655 
0.125794 
0.834308 
-0.189919 
-0.710373 
-0.165035 
1.919244 
0.974259 
-0.831982 
1.338781 
0.979231 
0.758345 
0.294177 
-0.760651 
-0.745103 
0.880681 
0.825895 
0.173814 
-1.224453 
-0.604764 
-0.334275 
-0.479412 
0.599799 
0.790720 
-0.986418 
-0.488158 
0.849957 
-0.061787 
-0.115691 
-0.798658 
-1.158807 
0.665722 
-0.855343 
-0.919699 
0.495264 
-0.474739 
0.903504 
0.130879 
0.212537 
-0.346837 
1.068393 
-0.056766 
0.538778 
0.905082 
0.701004 
-1.678269 
0.548988 
-0.351357 
0.255015 
0.890228 
-0.314269 
-0.677437 
-1.094358 
1.531536 
-0.838481 
-0.236443 
-0.646246 
-0.243921 
-0.526849 
0.209972 
-0.428272 
-1.322976 
2.057632 
0.391963 
0.250698 
0.878834 
-1.194836 
-1.014801 
0.007772 
-1.388536 
-1.141938 
-1.121749 
0.722900 
-0.865780 
-1.709993 
0.646788 
1.431561 
0.129157 
0.017936 
-2.364959 
-0.333236 
1.554419 
0.805854 
0.015457 
0.794798 
1.042939 
1.549731 
0.383776 
-0.856408 
-2.576118 
0.662809 
-0.387263 
-0.317153 
-1.134526 
0.165060 
-0.796689 
0.577314 
0.236892 
0.604091 
0.541523 
-2.786366 
-0.818030 
-1.542111 
0.435152 
-1.249896 
-1.089802 
1.250323 
0.191288 
1.271581 
0.177898 
-1.032119 
-0.208441 
-0.464418 
-0.529419 
-0.142975 
-1.691930 
1.074457 
0.077041 
1.572784 
0.545844 
-0.110141 
0.280936 
-0.529799 
-0.234117 
0.391474 
-0.393521 
-0.704758 
0.448245 
-0.598224 
-0.278999 
0.107163 
-0.035690 
-0.976597 
-0.392989 
-1.531302 
-0.530272 
0.381508 
-0.039710 
0.663359 
0.530846 
0.177989 
-0.281148 
-1.015708 
-0.019435 
0.905918 
-1.131404 
-1.323920 
-0.591388 
0.658503 
1.553081 
0.619725 
-0.545547 
-0.585460 
0.944782 
0.810399 
0.233320 
-1.389931 
-1.945611 
0.188409 
-0.272354 
1.176650 
-0.714104 
-0.800724 
0.780577 
1.307184 
-0.544544 
1.911464 
-0.340960 
0.871327 
-1.920794 
-0.215898 
0.774579 
-0.265773 
1.064636 
1.237844 
-0.155419 
-1.687319 
-0.382571 
-0.615752 
2.493141 
-0.897864 
0.957243 
-0.077068 
-0.342908 
-0.036472 
-1.215931 
-0.989502 
-0.854785 
-0.983922 
1.412339 
-0.615879 
0.623333 
-1.055441 
-0.525750 
-0.484631 
0.620241 
-1.096376 
-0.750356 
0.167498 
0.424101 
-2.334784 
0.824679 
1.266507 
-0.612729 
0.399364 
-0.016013 
1.192291 
0.468009 
1.208612 
1.194448 
-1.584343 
0.197456 
-0.731047 
-1.453562 
-0.084825 
0.562948 
1.165518 
-0.699107 
-0.728411 
0.325749 
-0.647027 
0.441364 
-0.368829 
-0.980201 
1.520677 
-0.909761 
0.148231 
0.287687 
0.312740 
0.974978 
0.371874 
0.966706 
-0.881251 
0.066734 
1.222596 
-1.086566 
-1.093936 
-0.174464 
0.992754 
-0.497619 
-0.190819 
0.744500 
0.696847 
-0.144106 
-0.560421 
0.776478 
-0.719272 
-0.355969 
-0.772281 
1.234601 
-1.252510 
-0.696504 
1.212604 
1.009402 
0.997555 
0.196837 
-1.890353 
-2.535362 
0.120119 
-1.073874 
-0.967171 
0.449689 
-1.416209 
0.391631 
-1.244167 
-0.601805 
-1.513650 
0.447454 
0.781038 
1.922879 
1.172474 
-0.012510 
0.919520 
0.898906 
-0.621565 
0.413782 
-1.148174 
-0.790838 
0.320592 
-2.792947 
0.545516 
-0.224902 
-0.884950 
1.102364 
-0.417082 
-0.351737 
-0.797119 
0.598739 
1.629381 
0.752775 
1.353961 
-0.200837 
-1.660078 
1.250321 
-0.190116 
-0.188815 
0.648539 
0.074109 
-0.425421 
-0.126353 
-1.588084 
1.018922 
-0.721609 
-0.088384 
-0.363359 
0.293679 
0.612678 
0.489134 
-0.804319 
0.329423 
0.391292 
-0.300013 
-1.115811 
1.104730 
-0.670573 
-0.839750 
1.268221 
-0.568927 
-1.650781 
-1.297579 
0.063277 
-0.430373 
-0.748114 
-0.126374 
1.690455 
-0.498051 
-0.872859 
-0.947253 
-0.900008 
-0.331583 
0.164425 
0.347715 
0.747663 
2.018270 
-1.048651 
-0.047005 
0.860558 
0.053154 
0.334062 
-0.072119 
-0.727522 
0.165379 
-0.476646 
-0.694669 
-2.092207 
1.155242 
-1.296446 
0.504395 
-0.736829 
-1.827254 
0.264962 
0.041084 
1.051425 
1.645138 
-0.326510 
-0.821658 
-1.929904 
-0.812599 
0.351657 
-0.243098 
-0.966136 
1.543677 
1.694183 
0.275846 
-0.981206 
-0.663751 
0.643116 
-0.750042 
0.443922 
0.917459 
-1.513364 
0.557962 
-0.581190 
-0.418636 
-0.624688 
0.155860 
1.085142 
-0.126550 
0.942307 
2.237664 
0.690464 
1.176044 
-1.314448 
-1.592107 
0.937628 
0.011365 
-0.047458 
1.140397 
-1.009909 
0.076550 
0.911166 
-0.056993 
-1.061426 
-1.531848 
0.192377 
-0.013296 
0.890604 
0.805980 
0.141622 
0.091847 
-0.661960 
-2.101625 
0.964744 
0.292721 
-0.865475 
0.585453 
-2.376175 
-0.109036 
-0.089373 
-0.136409 
1.011920 
-0.965316 
-1.289706 
-0.933709 
-0.520627 
0.353102 
0.032023 
-0.147173 
0.659865 
0.317123 
-0.041583 
0.724784 
1.466470 
-0.761923 
-0.647726 
-0.006501 
0.911820 
-0.436435 
1.810805 
-0.559497 
-0.660678 
0.410990 
-0.816256 
1.113673 
0.400954 
0.772665 
0.986355 
-1.069832 
-0.625875 
-0.018473 
0.576038 
-1.249807 
-1.085441 
0.131509 
-1.969818 
0.121790 
-1.283195 
0.294815 
0.082598 
-2.657248 
0.092716 
0.865700 
0.139633 
0.534965 
-0.081539 
-2.021157 
-1.120887 
1.914593 
-0.739016 
1.503787 
1.760244 
1.469380 
-0.721017 
-0.773996 
-1.220028 
0.292885 
1.259445 
-0.199027 
-0.586810 
-2.187441 
0.969069 
0.854953 
1.185695 
-1.916551 
1.131606 
0.446583 
0.706487 
0.805868 
0.608818 
-2.431676 
-0.381821 
-0.329965 
1.002205 
-0.572078 
-0.377279 
0.209071 
0.835972 
0.073096 
0.176488 
-0.558469 
-1.572805 
1.252613 
-0.891683 
-0.280154 
-0.397799 
-0.386237 
-1.857673 
0.161632 
0.024592 
0.174156 
0.496461 
0.223742 
-0.180160 
-0.294625 
-0.096564 
1.321970 
-1.792118 
0.097385 
1.502407 
-1.681570 
-1.102833 
-1.010380 
0.530064 
-0.942359 
0.901406 
-1.293528 
-1.419402 
-1.068799 
0.384371 
0.932245 
-0.857659 
-0.523901 
0.116466 
0.717697 
-1.239630 
0.650981 
-0.989185 
0.222665 
-0.567456 
-0.001581 
-0.621033 
1.985776 
-1.245461 
1.570222 
-1.173747 
-0.095745 
-0.374581 
-0.741183 
0.574660 
0.284672 
-0.713647 
-1.414601 
-0.322702 
-0.002154 
-0.776801 
0.997882 
1.102006 
-0.730830 
0.037429 
-1.000828 
-1.230582 
-0.653232 
1.179567 
-1.014737 
-0.051757 
0.522682 
0.524619 
-0.129927 
-0.433874 
-0.583945 
0.580321 
-0.587343 
-1.084236 
-0.590559 
0.659073 
-0.636801 
-1.930747 
-1.390395 
0.117410 
-0.573627 
1.186770 
-1.096387 
0.855533 
-0.761951 
0.038915 
-1.105177 
-1.485041 
0.772657 
0.113530 
2.346636 
-0.550498 
-0.180393 
-0.242275 
0.221251 
-2.188007 
0.532486 
-1.233752 
-0.342326 
1.568103 
0.852336 
1.305496 
-0.728394 
0.418982 
-0.379106 
0.003704 
-0.862914 
0.175554 
-0.360348 
-0.503314 
-1.255781 
0.010877 
1.402468 
-1.430727 
0.554504 
-0.664422 
-0.817852 
-0.365254 
-1.072391 
1.193482 
0.094166 
-1.155593 
0.819459 
1.430073 
0.932318 
-0.719430 
1.606524 
-1.953086 
-0.227665 
-0.500511 
0.514894 
-0.466968 
-0.410998 
0.217898 
0.597726 
-0.966960 
0.671071 
0.567915 
-0.922211 
-0.360994 
-0.615500 
0.709514 
-1.562098 
1.164253 
-1.327748 
1.618576 
-0.291144 
-0.215630 
-1.324625 
0.239624 
-1.348049 
-0.842688 
1.551023 
0.478597 
-0.552390 
-0.357019 
0.709824 
1.459770 
-0.609687 
-0.173761 
-0.542639 
-1.111734 
-0.065506 
1.425330 
-0.979676 
-1.027983 
1.111124 
1.042748 
0.141117 
0.024886 
0.205236 
-1.217234 
-0.988894 
-0.362823 
0.040123 
-0.790082 
0.029247 
0.398801 
0.760014 
-0.198836 
0.950289 
-0.207741 
-0.872259 
0.233843 
1.173847 
-0.485517 
0.456924 
0.493856 
0.558210 
-0.504271 
-0.893153 
0.287669 
-0.980942 
-0.656271 
-1.164646 
-0.163556 
-1.106961 
0.612952 
0.158758 
-0.768758 
0.542270 
-0.021233 
-0.094133 
-0.543310 
-0.613443 
0.197062 
-0.873397 
0.184563 
-0.537507 
-0.669011 
0.413657 
0.333104 
-0.914255 
0.866665 
-1.902441 
0.159903 
-0.975058 
0.762927 
0.049994 
-2.216916 
0.073405 
-1.209234 
-1.167523 
0.094006 
0.416684 
-0.017810 
-0.731285 
0.934820 
0.206021 
0.646290 
-0.506829 
0.458362 
-1.090300 
1.328027 
-0.553410 
1.316337 
0.449540 
0.269481 
-0.191699 
0.823335 
0.976223 
-0.625119 
-1.134099 
1.494044 
-1.092403 
-0.705453 
0.394351 
-1.289150 
0.295241 
-0.804578 
1.054807 
-0.661973 
-1.219277 
-0.755182 
-0.325333 
0.419910 
-0.940802 
-0.295640 
-0.052995 
-0.536424 
0.788614 
-0.478632 
0.018731 
-0.925217 
-1.254344 
-0.555884 
0.823088 
0.595482 
1.367182 
-0.488280 
