-0.184525 
0.490430 
-0.020907 
-0.046182 
0.140274 
-0.164509 
-0.007123 
-0.009788 
-0.173059 
-0.351725 
0.264924 
0.560811 
-0.028855 
-0.443062 
-0.308587 
0.356588 
0.177349 
-0.233715 
-0.480766 
-0.262193 
-0.405232 
0.182204 
0.561542 
0.006537 
0.027820 
0.220904 
0.442931 
-0.141135 
-0.337360 
0.210682 
-0.292030 
0.225696 
0.584687 
0.582535 
-0.353666 
-0.500135 
-0.108920 
-0.401618 
0.077116 
-0.286883 
0.003384 
-0.051192 
-0.103865 
-0.105850 
0.516526 
0.181464 
-0.120663 
0.240869 
0.165819 
-0.335548 
-0.332329 
-0.119615 
-0.462796 
-0.206901 
0.276095 
0.535930 
-0.434668 
0.421174 
-0.466014 
0.410649 
0.354291 
0.320566 
0.021008 
0.434035 
-0.240081 
-0.231682 
-0.020210 
0.097321 
-0.380491 
0.236635 
0.371925 
-0.023130 
0.450578 
-0.118642 
0.013625 
0.352302 
-0.269551 
-0.402251 
-0.291193 
-0.403248 
0.374162 
0.252192 
-0.132283 
-0.304403 
-0.219683 
0.032175 
0.069256 
0.397846 
-0.241144 
0.058885 
-0.014308 
-0.481146 
-0.169303 
0.282706 
-0.060200 
0.047174 
-0.459296 
0.308070 
-0.295714 
0.436674 
-0.191817 
-0.414993 
-0.436652 
0.270365 
-0.468492 
-0.050463 
-0.133752 
-0.484650 
0.440831 
-0.036644 
-0.057495 
-0.190545 
-0.005747 
0.070158 
-0.187958 
0.425577 
0.125268 
0.065998 
-0.297864 
0.288761 
-0.354476 
0.394655 
-0.308321 
-0.374064 
0.334265 
0.308864 
-0.011695 
-0.463870 
-0.292123 
0.069131 
-0.364761 
-0.100942 
-0.402899 
0.131956 
-0.049864 
-0.359231 
-0.119033 
0.473316 
0.359640 
-0.452696 
-0.462164 
-0.441487 
-0.297228 
-0.069240 
0.200892 
-0.402679 
-0.073208 
-0.176678 
-0.158519 
-0.322477 
-0.091828 
-0.489464 
-0.173124 
-0.130193 
-0.013283 
0.322884 
-0.340672 
0.416263 
0.010644 
0.492998 
-0.285733 
0.195702 
0.405939 
0.207440 
0.043572 
0.283797 
0.453203 
-0.252216 
0.132681 
-0.191975 
0.102962 
0.248739 
0.418241 
-0.004496 
0.279516 
-0.322343 
0.449704 
0.122627 
0.443442 
0.267059 
-0.287976 
0.369828 
-0.210838 
0.232758 
-0.206243 
-0.075475 
0.409463 
0.020801 
0.093929 
0.277202 
0.268240 
0.166580 
-0.290770 
0.332388 
0.233233 
0.350753 
-0.062946 
-0.260181 
0.447536 
-0.449170 
0.034627 
0.472449 
0.281046 
0.013770 
-0.463225 
-0.182715 
0.023997 
0.068811 
0.427219 
-0.117417 
0.201039 
0.332889 
-0.064625 
-0.447913 
-0.017671 
-0.214153 
0.029671 
-0.297414 
-0.469589 
-0.316176 
0.075794 
-0.392453 
-0.453382 
0.215871 
0.019627 
0.283508 
-0.486669 
-0.091109 
-0.248205 
-0.339878 
-0.078621 
0.276240 
-0.497189 
0.275903 
-0.065362 
-0.513143 
-0.073789 
-0.293566 
-0.335000 
0.483306 
-0.021151 
-0.280318 
-0.089436 
-0.470780 
0.029134 
0.382449 
-0.065685 
-0.342567 
-0.361897 
0.340220 
-0.260914 
0.094754 
-0.173496 
0.189383 
-0.112011 
-0.492784 
-0.155585 
-0.176457 
-0.044637 
-0.293874 
0.176122 
-0.372995 
0.152203 
0.054962 
-0.144465 
-0.312398 
0.320718 
0.089333 
-0.271523 
0.020991 
0.339334 
0.408977 
-0.478184 
0.409373 
-0.106378 
-0.192123 
-0.468166 
-0.402846 
0.217805 
0.185673 
0.109797 
0.083878 
-0.260300 
-0.504551 
0.436488 
-0.316694 
-0.175236 
-0.234667 
-0.423186 
-0.099973 
-0.120699 
-0.066263 
0.037695 
-0.242731 
-0.006144 
0.097261 
-0.294322 
-0.265842 
-0.467303 
-0.011606 
-0.323622 
-0.161573 
-0.415724 
0.459354 
0.136979 
0.252560 
-0.340006 
0.437469 
-0.469507 
0.236482 
-0.506342 
-0.031749 
-0.401702 
-0.183102 
0.385832 
-0.214333 
0.456372 
0.361404 
0.240218 
-0.486712 
-0.051363 
-0.162084 
-0.333205 
-0.330035 
-0.379253 
-0.005014 
0.431875 
-0.260339 
-0.014890 
0.409459 
-0.119398 
0.398224 
0.090208 
-0.211399 
0.080082 
0.041366 
-0.470415 
-0.363761 
0.036112 
0.023687 
-0.459223 
-0.074793 
-0.023920 
-0.379215 
-0.184215 
-0.198604 
0.182909 
0.440780 
0.318036 
0.307147 
-0.504409 
0.001429 
0.028117 
-0.282330 
0.485320 
0.258436 
0.114069 
-0.434189 
-0.169192 
0.380782 
0.005791 
-0.072563 
0.299362 
0.491431 
0.446213 
0.395689 
0.072276 
0.301323 
0.118537 
0.306740 
0.367565 
0.377529 
-0.047323 
0.403248 
0.236326 
0.034651 
-0.453370 
0.317465 
0.487077 
0.315288 
-0.498738 
-0.221700 
0.295746 
-0.030468 
-0.144629 
0.319737 
-0.403289 
0.356175 
0.046867 
-0.177081 
-0.304836 
-0.372950 
0.326994 
0.357942 
0.311024 
0.003397 
0.035817 
0.056617 
-0.269756 
-0.083798 
-0.351883 
0.025893 
-0.434641 
-0.015210 
0.337579 
-0.005015 
-0.076227 
0.143392 
-0.442551 
0.342812 
0.227552 
0.094010 
0.432600 
0.286898 
0.124832 
-0.044616 
0.137412 
-0.282154 
-0.435949 
-0.059989 
-0.019871 
-0.002935 
-0.151735 
0.456788 
0.188417 
0.234283 
-0.389561 
-0.327753 
-0.383093 
0.020444 
-0.452974 
0.231418 
0.423756 
0.269400 
0.479498 
0.242542 
0.355843 
-0.447147 
-0.218161 
-0.024886 
-0.192087 
-0.420830 
-0.045802 
-0.155302 
0.283516 
0.502711 
0.200713 
-0.394840 
0.256905 
0.402163 
0.085180 
-0.262938 
0.073377 
0.209473 
-0.423017 
0.359089 
0.281528 
0.489184 
0.222234 
-0.206156 
0.456552 
-0.324004 
0.376821 
0.092713 
-0.157197 
0.230889 
0.202724 
-0.124876 
-0.137571 
0.417628 
-0.403484 
0.380225 
-0.412638 
0.013245 
0.403728 
-0.175388 
0.386636 
-0.349848 
-0.227597 
0.264004 
-0.408911 
-0.326586 
0.067335 
0.188040 
-0.536543 
0.066338 
-0.151509 
-0.256257 
-0.057038 
0.222386 
-0.373647 
0.029252 
-0.304280 
0.436356 
-0.357866 
-0.179376 
0.232001 
-0.242955 
0.038908 
0.121713 
0.215775 
-0.140068 
-0.044132 
-0.301490 
0.193791 
0.222799 
-0.419733 
-0.391597 
-0.423152 
-0.277761 
0.483066 
-0.196693 
0.103157 
-0.053060 
-0.390326 
-0.113140 
-0.207039 
0.080589 
-0.234622 
0.132154 
0.215800 
0.128174 
0.308979 
0.227811 
-0.108826 
0.115708 
0.039727 
-0.424508 
-0.382275 
0.003088 
0.191051 
0.224487 
-0.134443 
0.277612 
0.430916 
-0.369337 
-0.068543 
-0.430003 
0.065548 
0.415668 
-0.495944 
-0.206764 
-0.149452 
-0.059804 
0.462723 
-0.474961 
0.287032 
0.244712 
0.098193 
0.350971 
-0.212443 
-0.113987 
0.264128 
0.102636 
0.338847 
0.214908 
0.410865 
-0.289296 
0.311154 
0.114026 
0.319584 
0.352948 
0.133826 
0.461284 
0.177854 
-0.297702 
0.365212 
0.301663 
-0.432443 
0.478538 
-0.280448 
0.430472 
-0.005654 
-0.427431 
0.013593 
-0.369431 
0.344628 
-0.028789 
0.472629 
-0.402931 
-0.096753 
0.031356 
0.205252 
-0.396962 
-0.048979 
0.245042 
-0.369314 
-0.471395 
-0.515111 
0.460307 
0.023046 
0.454545 
0.353721 
0.061694 
-0.103437 
-0.057979 
-0.079231 
0.169171 
-0.408382 
0.413978 
0.092460 
0.157918 
-0.150676 
-0.302514 
0.391685 
-0.250558 
-0.493630 
0.203095 
-0.233593 
0.028225 
-0.219601 
-0.077453 
-0.365185 
-0.077098 
-0.026404 
-0.342487 
-0.186539 
-0.191123 
-0.393104 
0.452846 
0.212788 
0.132914 
0.107710 
-0.318162 
0.327857 
0.429241 
0.432226 
-0.259247 
-0.252638 
-0.152510 
-0.102394 
0.414311 
-0.183996 
0.157260 
0.101568 
-0.393419 
0.118225 
-0.078808 
0.338502 
-0.450357 
0.314718 
-0.419909 
0.245216 
-0.254909 
-0.220544 
0.260292 
0.392491 
0.168100 
0.017923 
-0.103251 
0.104099 
0.083841 
0.444267 
0.171964 
-0.458172 
-0.358180 
0.196856 
-0.156909 
0.254629 
-0.047339 
-0.212199 
-0.452544 
-0.490496 
0.039237 
-0.454028 
-0.261705 
-0.314437 
0.459663 
-0.209944 
0.088326 
-0.406862 
0.497212 
-0.392514 
0.424706 
-0.093283 
-0.011186 
0.090672 
0.252179 
-0.367893 
0.068592 
0.399775 
0.309925 
0.425479 
0.340534 
-0.149816 
-0.147867 
0.184012 
0.018129 
-0.063965 
-0.335816 
0.111253 
0.199500 
-0.380841 
0.380987 
0.099970 
0.034988 
0.485730 
0.477059 
0.371721 
0.204621 
-0.491409 
-0.123788 
0.329060 
-0.458200 
-0.363714 
-0.061441 
0.140013 
-0.230661 
-0.269024 
-0.076841 
0.178022 
0.023127 
0.432032 
-0.247508 
0.425569 
0.162165 
-0.370003 
0.326544 
-0.200569 
-0.080004 
0.143968 
0.314127 
0.306880 
0.099482 
-0.321404 
-0.057248 
0.056960 
-0.229826 
0.328648 
0.370187 
-0.156470 
0.393197 
0.201438 
-0.283094 
-0.231819 
0.041829 
-0.361797 
-0.106903 
-0.108922 
-0.224437 
0.058672 
0.465913 
-0.355363 
0.196937 
0.259103 
0.078408 
-0.079123 
-0.290813 
-0.202552 
0.150479 
0.257503 
0.239346 
0.456927 
-0.403988 
0.421591 
-0.155961 
-0.094936 
-0.236613 
0.486906 
-0.180687 
-0.301713 
0.047532 
0.005127 
-0.135323 
-0.043998 
0.295541 
-0.481549 
0.418762 
-0.459344 
-0.268903 
0.365947 
0.092391 
-0.103397 
-0.330258 
0.038496 
0.190582 
0.009240 
0.123026 
-0.041850 
-0.176136 
0.174141 
0.396470 
0.229041 
0.265080 
0.402418 
-0.012071 
-0.083406 
-0.021630 
-0.300101 
-0.497695 
-0.080746 
-0.208345 
0.243570 
0.222132 
0.349519 
0.418692 
0.395022 
0.117040 
-0.079960 
0.235051 
0.279395 
-0.360231 
0.303624 
0.015594 
-0.100458 
-0.235327 
-0.264828 
0.382551 
-0.511444 
0.476056 
-0.190811 
-0.430985 
0.421596 
-0.308217 
0.114474 
-0.178173 
0.279477 
-0.341219 
-0.432118 
-0.411628 
-0.040331 
0.027033 
0.328119 
0.478773 
0.233667 
-0.354086 
-0.062598 
0.073599 
-0.485128 
-0.381319 
-0.281690 
-0.505342 
-0.220009 
0.140524 
0.038803 
0.110770 
0.224941 
-0.052355 
-0.448371 
-0.082545 
-0.503995 
-0.017967 
0.308605 
-0.010725 
-0.001360 
0.197727 
0.331069 
0.096951 
-0.381297 
-0.172805 
-0.094393 
0.419183 
-0.254713 
0.433026 
-0.303549 
0.108929 
-0.060226 
0.018071 
-0.255862 
0.197668 
-0.409365 
0.336041 
-0.244360 
-0.354466 
0.210329 
-0.203831 
-0.194031 
-0.391655 
0.140734 
-0.464595 
-0.302510 
0.063616 
-0.233689 
-0.022724 
-0.080235 
0.396640 
-0.433005 
-0.072765 
-0.263308 
0.446960 
-0.299532 
0.060484 
0.166962 
0.147794 
-0.054111 
-0.329090 
-0.212979 
-0.373247 
0.325786 
-0.449113 
-0.344252 
0.110736 
-0.043724 
0.065303 
0.245504 
-0.419731 
-0.163473 
0.161969 
0.091772 
-0.355389 
0.152945 
0.078664 
0.157678 
-0.110177 
-0.259921 
0.075627 
-0.426618 
0.390475 
-0.455990 
-0.244341 
0.304309 
0.018517 
-0.352737 
-0.020970 
0.113638 
0.400751 
0.247353 
-0.110670 
-0.249042 
-0.465357 
0.259176 
-0.023953 
0.089397 
-0.022742 
-0.162463 
0.146159 
-0.199336 
0.347845 
-0.442260 
0.276322 
-0.065388 
0.024992 
-0.484857 
-0.024964 
-0.086714 
0.226043 
0.164530 
-0.386138 
-0.420077 
-0.117635 
-0.093203 
0.112717 
-0.003140 
0.334922 
0.057986 
-0.131600 
-0.261524 
-0.237488 
0.213140 
-0.264043 
-0.468488 
0.040066 
-0.000155 
0.217690 
0.415606 
0.350818 
0.234262 
0.098587 
-0.487834 
-0.292429 
-0.140830 
0.059888 
-0.027515 
0.081693 
0.307039 
-0.502594 
-0.263738 
-0.018546 
0.444491 
-0.034825 
-0.336924 
0.320070 
0.098969 
-0.374322 
-0.446874 
0.451353 
-0.186922 
-0.264576 
0.262642 
-0.260216 
-0.188667 
0.094937 
-0.316021 
0.111864 
0.466296 
-0.213426 
0.232073 
0.037603 
0.011225 
0.220809 
0.457401 
0.224338 
-0.056886 
0.236872 
-0.255948 
-0.143340 
-0.487015 
0.471527 
-0.497822 
0.270515 
0.267959 
0.202933 
-0.381000 
-0.174032 
-0.336502 
-0.259529 
-0.488000 
-0.169692 
0.372211 
-0.046437 
-0.468296 
-0.210644 
-0.423526 
-0.287039 
-0.353836 
0.278628 
-0.111175 
0.305498 
0.041456 
-0.192102 
-0.496664 
-0.490382 
-0.188640 
-0.360250 
-0.007590 
0.142223 
-0.356106 
-0.424148 
-0.165491 
-0.117200 
0.429361 
0.234416 
-0.246728 
0.079800 
0.353961 
-0.184575 
0.054976 
-0.490966 
0.360839 
-0.271494 
-0.382808 
0.252906 
0.250440 
-0.309346 
-0.193357 
-0.155016 
0.486224 
0.365278 
-0.198161 
0.012878 
-0.405634 
0.326483 
0.190361 
0.035350 
0.180969 
0.039409 
0.498612 
-0.106217 
-0.294955 
-0.144673 
0.211764 
-0.066314 
-0.484750 
0.202138 
-0.109034 
-0.270652 
0.045571 
-0.402980 
-0.501055 
0.423628 
0.451326 
0.125748 
-0.300047 
-0.264179 
0.394755 
0.126039 
-0.007355 
-0.420749 
-0.207191 
-0.236725 
-0.287235 
-0.400979 
-0.494933 
-0.063922 
0.408765 
0.114370 
-0.104133 
0.359197 
-0.056222 
0.274475 
-0.147029 
-0.502427 
0.009990 
0.315104 
-0.482703 
0.236852 
0.392361 
-0.027408 
0.153779 
0.108495 
0.014156 
0.227302 
0.436391 
0.246932 
-0.241686 
-0.453867 
-0.481743 
0.115177 
0.463351 
-0.038399 
-0.264259 
-0.474079 
-0.170842 
0.376342 
-0.329854 
-0.093015 
0.295727 
0.270817 
0.051450 
-0.356581 
-0.170204 
0.354143 
-0.477335 
-0.383249 
0.135281 
0.388029 
-0.495690 
0.179078 
-0.041651 
0.050274 
-0.331322 
-0.080767 
-0.441399 
0.204352 
0.132568 
-0.048406 
0.288959 
-0.197998 
0.352584 
-0.140462 
0.030689 
-0.109915 
0.413737 
-0.283286 
-0.318496 
-0.297493 
-0.100514 
0.038538 
-0.233123 
0.491766 
0.424814 
-0.290483 
-0.375865 
0.067228 
0.180864 
0.305668 
-0.053867 
0.192368 
0.374332 
0.352568 
0.245713 
0.117360 
-0.462705 
-0.383411 
0.481934 
-0.472928 
0.362833 
0.292195 
-0.261900 
0.037475 
0.234943 
-0.067914 
0.265752 
-0.313260 
-0.163511 
0.262194 
0.423664 
-0.330405 
-0.463572 
0.209686 
-0.006608 
0.398011 
0.260295 
0.481718 
0.466657 
-0.069508 
-0.237165 
-0.392029 
-0.025875 
0.067990 
0.423341 
-0.201532 
0.261553 
-0.217591 
0.214241 
-0.405558 
-0.391304 
-0.196448 
0.394971 
0.439654 
-0.421738 
0.158304 
0.140742 
-0.465064 
0.280098 
-0.369497 
-0.468652 
0.304295 
-0.081401 
0.085695 
0.191197 
0.184715 
-0.106578 
0.016400 
0.163595 
0.335607 
-0.218901 
0.486537 
0.133516 
0.102175 
-0.407264 
-0.453945 
0.309240 
-0.233278 
-0.340423 
0.056891 
0.407993 
-0.067531 
0.325814 
-0.420721 
-0.110813 
0.310223 
-0.446976 
-0.262248 
0.186856 
0.026164 
0.050339 
0.159902 
0.017558 
-0.234292 
-0.078651 
0.364546 
0.388397 
0.343675 
-0.442872 
0.397251 
0.186922 
-0.219260 
-0.030433 
0.346834 
0.413217 
-0.271803 
-0.355062 
0.347354 
-0.204562 
0.182758 
0.417469 
-0.494597 
0.138918 
0.008977 
-0.212369 
-0.076867 
-0.429661 
0.308797 
0.135717 
0.382864 
-0.199795 
-0.485800 
-0.011634 
-0.344717 
-0.459094 
0.366488 
0.266025 
-0.290844 
0.197186 
0.026753 
0.247549 
-0.378984 
-0.250458 
0.394551 
-0.468732 
-0.517013 
-0.398078 
-0.003084 
-0.220174 
0.058618 
0.062489 
0.193181 
0.149929 
-0.449807 
0.242504 
0.159520 
-0.375254 
0.405878 
-0.094230 
-0.408875 
0.387790 
0.111033 
-0.082650 
-0.042513 
0.296367 
0.234252 
-0.079022 
-0.396963 
0.408190 
0.275844 
-0.050875 
0.176373 
0.371130 
0.416531 
-0.304826 
-0.405124 
-0.454549 
-0.092222 
0.282453 
0.405816 
0.141922 
0.455444 
0.316998 
0.001788 
-0.139635 
0.167201 
0.138471 
0.226910 
0.109663 
0.198872 
0.112103 
-0.239029 
-0.251849 
-0.423853 
0.436218 
0.025013 
-0.259651 
0.297274 
0.198720 
0.064372 
0.488761 
-0.337578 
-0.128560 
-0.324343 
-0.184828 
-0.309561 
-0.052051 
0.177450 
0.367989 
-0.391095 
-0.296168 
-0.282630 
0.078342 
-0.471100 
0.230653 
-0.112759 
-0.231102 
0.489632 
-0.459511 
0.140116 
0.430755 
0.249510 
-0.180384 
-0.126933 
0.257796 
0.153265 
0.145885 
-0.413986 
-0.461939 
0.434823 
-0.459858 
-0.212487 
0.252236 
0.470571 
0.081111 
0.055148 
-0.026910 
0.168880 
0.138573 
0.140949 
0.098286 
0.351194 
-0.148114 
0.278567 
0.362276 
0.430142 
-0.183411 
0.323831 
-0.145300 
-0.058457 
0.032647 
0.358703 
-0.242802 
0.070172 
-0.271976 
-0.194090 
0.318565 
-0.395281 
0.056560 
0.167003 
-0.250438 
0.419737 
0.209852 
-0.390456 
0.162658 
-0.364000 
0.298154 
0.424247 
0.069262 
0.465927 
0.369551 
-0.464396 
0.109470 
0.199677 
-0.294555 
0.408270 
0.309170 
-0.412839 
-0.414995 
-0.124351 
0.346364 
0.000066 
0.098942 
-0.339410 
-0.290462 
-0.244307 
-0.422398 
0.132057 
-0.038956 
-0.320618 
0.128157 
-0.131957 
-0.454925 
-0.122947 
-0.479725 
0.141852 
0.265022 
0.489547 
-0.154438 
0.178224 
-0.227488 
0.423191 
-0.272413 
-0.138268 
-0.223771 
-0.368202 
-0.471314 
0.398928 
-0.323779 
-0.149916 
-0.335775 
-0.164805 
-0.141690 
-0.168858 
0.145876 
0.433885 
0.087280 
0.170088 
0.210524 
-0.360571 
-0.391714 
0.177795 
0.141392 
-0.216298 
-0.010270 
0.325637 
-0.443971 
-0.243503 
-0.320494 
-0.290450 
0.178265 
0.387224 
-0.371787 
0.364629 
-0.191245 
0.428436 
-0.187788 
0.467091 
-0.271607 
0.112105 
0.409718 
0.360519 
0.035702 
0.341239 
-0.391467 
0.293442 
0.483522 
0.303844 
-0.193557 
0.127949 
-0.464547 
-0.191053 
-0.442928 
0.305699 
-0.438512 
-0.389068 
0.237110 
-0.180137 
0.448175 
-0.346464 
-0.230750 
0.012558 
0.099595 
0.296543 
-0.324331 
-0.475156 
-0.501102 
-0.040544 
0.227476 
0.192750 
-0.307308 
0.052203 
0.266560 
-0.259904 
0.019219 
-0.363384 
-0.506578 
-0.339536 
-0.004419 
-0.092668 
-0.380942 
0.252682 
0.218173 
-0.050725 
-0.138913 
0.227977 
0.018330 
-0.364048 
-0.041503 
0.235770 
-0.265450 
0.445107 
0.263309 
0.492055 
-0.081521 
-0.162522 
-0.310807 
0.292953 
-0.131996 
0.012599 
0.034098 
-0.283322 
-0.302648 
-0.015092 
-0.184584 
0.147312 
0.044451 
-0.278836 
0.409777 
0.183578 
0.134369 
0.143302 
-0.223024 
0.071577 
-0.059165 
-0.207411 
0.187954 
-0.465345 
0.391741 
0.137583 
0.362729 
0.386641 
0.043431 
0.183925 
0.208125 
-0.081030 
0.216773 
0.211878 
0.370298 
0.295812 
-0.017383 
0.200184 
0.234317 
-0.373143 
-0.417302 
-0.343804 
-0.155606 
-0.351332 
0.228364 
-0.292231 
-0.129321 
-0.211151 
-0.079286 
0.480284 
0.034740 
0.301725 
0.250885 
-0.414093 
0.182866 
0.465834 
0.475577 
0.249401 
0.325107 
-0.188552 
0.373136 
-0.242275 
0.346618 
0.144630 
-0.184585 
-0.416242 
0.184036 
-0.018162 
-0.333232 
-0.073743 
-0.192116 
-0.145571 
-0.272268 
0.071814 
-0.455936 
0.108944 
-0.499764 
-0.507514 
-0.248469 
0.480733 
0.281572 
-0.261339 
-0.398404 
0.500058 
-0.383403 
-0.052027 
-0.452496 
-0.023274 
-0.373514 
0.187425 
0.098993 
0.416945 
-0.182480 
0.412766 
-0.355618 
-0.028012 
-0.235152 
0.344254 
-0.222760 
0.368195 
0.192451 
0.109713 
-0.240635 
0.362233 
0.161984 
0.190506 
-0.355200 
-0.345670 
0.142978 
-0.198423 
0.239335 
0.325025 
-0.254550 
-0.365738 
-0.155448 
-0.238396 
-0.357238 
-0.366888 
-0.458604 
-0.225419 
0.139932 
0.030896 
-0.416457 
-0.457954 
0.273504 
0.246710 
0.147151 
0.287692 
0.362594 
0.215923 
-0.398342 
-0.355297 
0.179510 
0.005893 
0.048826 
0.218115 
0.403084 
-0.457551 
0.352069 
-0.456822 
-0.133410 
0.080568 
0.166029 
-0.318409 
-0.295141 
-0.491066 
0.012400 
-0.327760 
0.379784 
-0.491844 
-0.203784 
-0.169468 
-0.464360 
-0.197575 
0.268580 
0.430580 
-0.090561 
-0.179234 
-0.511696 
0.317996 
0.461913 
0.213341 
0.291122 
-0.084646 
0.342046 
0.436765 
0.302267 
-0.291596 
0.320250 
0.328324 
-0.313093 
-0.030144 
0.441141 
-0.402074 
0.403457 
-0.360040 
0.149655 
0.340098 
-0.237850 
-0.148641 
0.190919 
-0.453872 
0.288271 
0.241808 
-0.122522 
0.188103 
0.074724 
0.467195 
0.088079 
0.055834 
0.062632 
-0.313120 
0.487582 
-0.440649 
-0.410001 
0.392011 
-0.181438 
-0.097229 
0.448016 
-0.037507 
0.212813 
-0.269196 
-0.508336 
-0.429902 
0.063056 
0.379844 
-0.270328 
0.343375 
0.278642 
0.364082 
-0.036489 
0.222556 
-0.018516 
-0.440750 
-0.397932 
-0.278543 
0.185627 
-0.216723 
-0.229563 
0.294142 
-0.192486 
-0.260924 
-0.185983 
0.025531 
-0.199355 
0.162557 
-0.211014 
0.252037 
-0.186349 
0.415260 
0.127980 
-0.276942 
-0.263898 
-0.242296 
0.135703 
-0.104929 
-0.365008 
0.205375 
0.300533 
0.281236 
-0.358525 
-0.183890 
-0.057213 
0.057304 
-0.416206 
-0.312937 
-0.016276 
-0.283603 
0.307580 
-0.201362 
-0.373612 
0.431509 
-0.409497 
0.078817 
0.347794 
0.310719 
-0.336494 
-0.505767 
0.274940 
0.135822 
-0.106205 
0.433718 
-0.109604 
0.467738 
0.388844 
0.472835 
0.125698 
0.119810 
-0.513945 
-0.302318 
-0.071544 
-0.095788 
0.157977 
0.430846 
-0.447393 
0.138922 
0.021130 
0.037980 
0.483282 
0.079439 
0.442964 
-0.253474 
0.344379 
-0.182688 
-0.061953 
0.052770 
-0.326750 
-0.063868 
-0.458001 
0.071085 
0.313991 
-0.460347 
0.459967 
0.138929 
-0.303709 
0.366490 
0.278610 
-0.128202 
0.119198 
0.137879 
-0.256789 
-0.419406 
0.024201 
0.119913 
-0.171693 
0.293110 
0.417834 
0.376000 
-0.349457 
-0.357588 
0.193708 
0.329511 
-0.064339 
-0.261089 
0.187176 
-0.273848 
0.433043 
0.066864 
0.415523 
0.311270 
-0.481636 
-0.071096 
-0.012423 
-0.107685 
0.185952 
0.219246 
0.083385 
-0.088394 
-0.295500 
0.188967 
0.217780 
0.399993 
0.123986 
0.335889 
0.105999 
0.189516 
-0.496111 
0.166118 
-0.310976 
-0.056086 
0.259816 
0.420556 
-0.233647 
-0.353772 
0.051591 
-0.485074 
-0.436002 
-0.446836 
0.455538 
0.026981 
-0.215973 
0.169360 
-0.463100 
0.040764 
0.153001 
0.100923 
-0.049636 
0.429695 
-0.023636 
0.379337 
-0.375260 
0.273754 
-0.215422 
-0.024004 
-0.414119 
-0.444808 
-0.429885 
0.115613 
0.282077 
-0.325357 
0.347152 
-0.140412 
-0.309136 
-0.259419 
0.080668 
-0.055970 
0.373573 
-0.286581 
0.323401 
-0.426531 
0.093596 
-0.062795 
-0.232886 
-0.382810 
-0.479557 
0.377908 
-0.133710 
0.316129 
0.302458 
0.422057 
-0.090906 
-0.004037 
0.451366 
-0.023229 
-0.124316 
-0.288562 
-0.279336 
-0.378382 
-0.171545 
0.107717 
-0.192690 
0.399571 
-0.167849 
-0.339836 
0.212859 
-0.009976 
-0.334295 
-0.160006 
-0.373822 
0.062891 
0.196089 
-0.394511 
-0.202064 
0.223663 
-0.398386 
-0.167932 
-0.151907 
0.194122 
-0.010298 
0.120911 
-0.121957 
-0.514325 
0.103324 
0.398771 
-0.055166 
-0.271879 
-0.189003 
-0.014828 
-0.451753 
-0.269291 
-0.326694 
-0.436901 
-0.341139 
0.264148 
-0.232531 
0.119137 
-0.152190 
0.127743 
0.390066 
-0.053919 
0.137462 
0.024682 
-0.318926 
-0.015102 
-0.150945 
-0.227614 
0.217524 
0.024708 
-0.399232 
0.004565 
-0.596406 
-0.282820 
0.066132 
-0.243112 
0.155298 
0.376999 
-0.201825 
-0.062780 
0.022990 
-0.294356 
-0.271879 
-0.046713 
-0.227140 
-0.160399 
0.311188 
0.527490 
0.424631 
0.273987 
-0.294839 
0.159915 
-0.234895 
0.224454 
0.076109 
0.131413 
0.129728 
0.259750 
-0.087863 
0.077053 
0.516429 
-0.277810 
-0.012635 
-0.446623 
-0.382021 
-0.233790 
-0.081031 
0.490085 
0.461999 
-0.359403 
0.384181 
0.205779 
0.463536 
0.222337 
0.398521 
-0.505630 
-0.443819 
-0.084824 
-0.196671 
0.271867 
0.253790 
-0.283531 
0.501931 
-0.425438 
0.047055 
-0.153952 
-0.561457 
-0.114131 
0.063804 
-0.140331 
-0.068312 
0.301756 
-0.324266 
0.220189 
0.227753 
0.398345 
0.479656 
-0.256361 
-0.041711 
0.247677 
-0.424414 
0.007562 
-0.197874 
-0.177561 
0.188984 
-0.009363 
0.239126 
0.164142 
-0.204161 
-0.036936 
-0.279591 
0.252184 
0.396726 
-0.403767 
0.223496 
-0.405586 
0.380923 
0.175420 
0.220106 
-0.518836 
-0.237181 
-0.103458 
0.064149 
0.452806 
-0.424411 
-0.030656 
-0.266732 
-0.201720 
0.360489 
-0.458077 
0.216516 
0.326335 
0.012940 
0.071363 
0.229071 
-0.266808 
0.081251 
-0.399334 
-0.360485 
0.347466 
-0.467805 
-0.114584 
0.283260 
-0.383241 
0.030507 
0.344009 
0.426562 
0.170352 
-0.430800 
0.201625 
-0.354852 
0.461421 
-0.185948 
0.327841 
0.159073 
0.015966 
-0.201946 
-0.136964 
-0.282507 
0.047902 
0.372535 
0.487849 
0.325434 
-0.330391 
0.250370 
0.125738 
0.450115 
0.321090 
-0.090533 
0.339929 
-0.363814 
0.410755 
0.335712 
0.359029 
-0.001521 
0.056186 
-0.182452 
-0.422450 
0.235298 
0.312627 
0.370293 
0.445555 
-0.052012 
0.211078 
0.435146 
-0.198113 
-0.504784 
0.280548 
0.487506 
-0.024775 
-0.487574 
-0.250274 
-0.402310 
-0.217112 
-0.364868 
-0.125219 
-0.480736 
-0.339475 
0.005728 
0.242739 
-0.438456 
0.072945 
0.220934 
-0.425025 
0.010557 
-0.317448 
0.129203 
-0.494752 
-0.324787 
0.363516 
-0.356632 
0.379633 
0.044527 
0.361852 
-0.421771 
-0.032379 
-0.210957 
0.137523 
0.119913 
-0.383217 
-0.485427 
-0.386826 
0.215109 
-0.093032 
-0.058521 
0.113297 
-0.075748 
-0.187341 
-0.140225 
-0.372784 
-0.429244 
0.366478 
-0.316244 
0.321337 
-0.132261 
0.433463 
0.164194 
0.279163 
-0.413758 
0.076565 
-0.325677 
0.252811 
-0.428983 
-0.058186 
-0.293331 
-0.324285 
0.119529 
0.218759 
-0.219943 
0.083724 
-0.315768 
0.038672 
-0.378158 
-0.034034 
0.465363 
0.456127 
0.364292 
0.444803 
-0.116664 
-0.293818 
0.067208 
0.022704 
-0.541235 
-0.600547 
-0.165006 
0.247497 
0.092094 
0.553221 
0.260046 
0.237143 
-0.450543 
0.243583 
-0.089406 
0.240373 
-0.428742 
-0.342188 
0.065397 
0.256243 
0.347402 
0.282460 
-0.040869 
0.222156 
-0.245407 
0.250821 
-0.125038 
-0.408249 
-0.069623 
0.345168 
-0.372291 
0.070727 
0.320699 
-0.069932 
0.318924 
-0.313710 
0.336949 
0.200448 
0.389707 
0.270753 
0.152389 
-0.125329 
-0.030299 
0.011140 
-0.010851 
0.443264 
0.171862 
-0.411769 
0.365102 
-0.423339 
-0.063376 
-0.346986 
-0.357901 
0.427000 
-0.200511 
0.007225 
0.125616 
0.344367 
-0.046566 
-0.370151 
0.082040 
-0.153914 
0.221443 
0.010994 
-0.033219 
0.303818 
0.004031 
0.343011 
-0.141830 
-0.154770 
0.238234 
-0.156371 
-0.467819 
-0.385664 
-0.395359 
-0.001299 
0.269246 
-0.306513 
-0.417907 
-0.062804 
0.003957 
0.403007 
-0.236839 
-0.046051 
-0.304621 
0.102061 
0.450862 
-0.314928 
-0.156203 
-0.438239 
-0.413643 
-0.408099 
-0.274094 
-0.309398 
0.086111 
0.199332 
-0.327509 
-0.438307 
-0.476829 
0.355714 
0.040850 
-0.138064 
0.336338 
-0.458116 
0.373118 
-0.248553 
-0.008603 
-0.453018 
0.042308 
0.217257 
0.453479 
0.205147 
-0.066988 
-0.036493 
0.326279 
0.275135 
-0.440806 
0.332375 
-0.155300 
-0.037766 
-0.468314 
-0.296606 
0.328892 
-0.406507 
0.137735 
-0.161252 
0.271162 
-0.463540 
-0.135925 
-0.107093 
-0.281686 
0.292534 
0.503440 
0.369884 
-0.175455 
-0.187636 
0.301716 
0.189261 
0.416968 
-0.265275 
-0.434536 
0.460562 
-0.368914 
0.190032 
-0.318886 
-0.160634 
0.006548 
-0.069372 
-0.279163 
-0.253854 
0.339649 
0.308264 
-0.289619 
-0.261898 
0.275401 
-0.424300 
-0.425896 
-0.505898 
-0.262596 
0.262296 
0.170833 
-0.045283 
-0.078955 
0.094688 
0.312444 
0.497039 
0.336427 
-0.043884 
-0.061761 
-0.400467 
-0.451170 
-0.120656 
0.248624 
-0.244757 
-0.244485 
0.210943 
-0.387131 
-0.217212 
-0.458134 
0.281879 
0.021715 
0.191488 
-0.157939 
0.173453 
-0.174132 
0.481681 
-0.508663 
0.083731 
-0.200127 
-0.180414 
0.462117 
-0.443043 
-0.113164 
-0.039463 
-0.134333 
-0.108504 
0.069134 
0.253298 
0.360028 
0.137052 
0.316549 
-0.259557 
-0.370435 
0.184569 
0.039036 
0.063412 
0.352266 
-0.045329 
-0.077577 
-0.124225 
0.281064 
0.086731 
0.111961 
-0.437752 
0.124438 
-0.110993 
0.153531 
-0.044804 
-0.185917 
0.124439 
0.203274 
-0.402940 
0.036664 
-0.365063 
-0.171421 
-0.253397 
-0.014229 
-0.381640 
-0.013701 
-0.019574 
0.153545 
0.389994 
-0.474763 
-0.158896 
0.232540 
0.149155 
0.130153 
0.066859 
-0.391995 
0.172816 
-0.440793 
-0.456485 
0.362827 
0.111115 
-0.372296 
0.304995 
0.252244 
-0.147160 
0.009347 
-0.507754 
-0.053007 
0.043652 
0.419455 
0.273123 
0.438880 
0.263129 
-0.362582 
0.271852 
-0.012423 
-0.349581 
-0.110608 
0.345329 
0.267125 
0.020371 
0.154538 
-0.156711 
0.276526 
-0.169092 
-0.163613 
0.208296 
0.009314 
-0.369065 
-0.052649 
0.132164 
0.412669 
-0.212685 
0.337208 
-0.214746 
0.306787 
0.091428 
0.178149 
0.162947 
-0.346912 
0.188177 
-0.338171 
0.159828 
-0.078252 
-0.145066 
-0.032631 
-0.298443 
-0.172961 
0.526788 
-0.029329 
0.113882 
-0.126958 
-0.250859 
0.432321 
-0.057635 
-0.001202 
0.141160 
0.494291 
0.029047 
-0.154799 
-0.208673 
-0.023405 
0.193675 
-0.481570 
0.346930 
0.361836 
-0.265482 
-0.457383 
0.432106 
0.042005 
0.138981 
0.006967 
-0.446763 
-0.053048 
-0.077993 
0.458578 
-0.046219 
-0.288665 
0.340474 
0.234885 
-0.342585 
-0.418275 
0.186575 
0.407850 
-0.450542 
-0.275760 
0.341246 
-0.003639 
-0.310072 
-0.326996 
-0.392072 
-0.168520 
0.243986 
0.004238 
0.314120 
-0.363105 
0.264270 
-0.307271 
-0.212244 
0.233878 
-0.258631 
0.166657 
-0.032088 
0.393503 
-0.067484 
-0.017969 
0.131687 
-0.110892 
-0.361877 
-0.074620 
-0.214494 
-0.408624 
0.351046 
0.271979 
0.337174 
0.494931 
0.267005 
0.074821 
0.343730 
0.451569 
0.063686 
-0.174815 
0.080972 
-0.434814 
-0.194487 
0.062463 
-0.073083 
0.151417 
0.165989 
-0.468773 
-0.462343 
0.220718 
-0.196038 
0.194268 
0.121824 
0.478081 
0.457698 
0.352023 
-0.354136 
0.230714 
0.467641 
0.408729 
0.308482 
-0.478923 
-0.170507 
0.263842 
-0.425582 
0.177382 
0.273396 
0.322691 
0.156273 
-0.116451 
0.179025 
-0.384959 
-0.306839 
0.118974 
0.231393 
0.295255 
0.225328 
0.372610 
-0.408697 
-0.347213 
0.471305 
0.176555 
0.250184 
0.154365 
-0.233799 
0.009826 
0.194183 
-0.133332 
-0.033003 
0.273453 
0.319814 
-0.438341 
0.315224 
0.041451 
0.079041 
-0.365804 
0.272891 
-0.308820 
0.134383 
0.383422 
-0.076202 
-0.462456 
0.036301 
-0.286925 
0.186373 
-0.261616 
0.393011 
-0.131249 
0.492002 
-0.412816 
-0.472022 
-0.206526 
-0.192214 
0.204179 
-0.098877 
-0.171193 
0.229966 
0.000928 
0.054455 
-0.479175 
0.095737 
-0.359202 
-0.198666 
0.332118 
0.374912 
0.176415 
0.370150 
-0.262379 
0.085553 
0.061352 
0.201095 
-0.178549 
0.408528 
-0.438357 
0.069137 
-0.144055 
-0.376550 
-0.226937 
0.093066 
0.099838 
-0.467042 
-0.463105 
-0.039290 
-0.120177 
-0.084884 
-0.047257 
0.062344 
0.319646 
0.231733 
-0.188539 
-0.388013 
-0.296481 
-0.414402 
-0.161462 
0.131113 
-0.302575 
0.384788 
0.089197 
0.003466 
-0.264198 
-0.135435 
-0.449438 
-0.107192 
0.086116 
-0.286687 
0.159543 
-0.059557 
0.177146 
-0.322637 
-0.215019 
0.320276 
-0.346380 
-0.106562 
0.110495 
0.289422 
0.094974 
-0.135368 
-0.465823 
0.355658 
-0.119340 
0.252416 
0.114161 
0.033608 
0.218902 
0.279957 
-0.216842 
-0.261120 
-0.276245 
-0.120934 
-0.488539 
0.088759 
0.423982 
0.499690 
-0.157879 
0.299533 
-0.071973 
-0.222577 
-0.504259 
0.403136 
0.008192 
0.311611 
0.473299 
0.476316 
-0.362805 
0.204613 
0.247804 
-0.141701 
-0.133741 
-0.382502 
-0.447093 
-0.465023 
-0.130758 
0.027413 
-0.481449 
-0.054140 
0.199626 
0.494312 
0.274359 
0.206212 
-0.142467 
-0.312699 
-0.272930 
-0.014715 
-0.402441 
0.382134 
-0.232550 
0.459712 
-0.467575 
-0.386372 
0.041930 
-0.394825 
0.215289 
0.479942 
-0.342417 
-0.293850 
-0.507638 
-0.455010 
0.277903 
-0.241613 
-0.493149 
0.158249 
0.135381 
-0.451525 
-0.022550 
0.220876 
0.406906 
-0.374324 
-0.358727 
-0.223098 
-0.463563 
-0.348654 
0.301781 
0.128595 
-0.048412 
0.492777 
0.484989 
0.088335 
-0.014065 
-0.133045 
0.451816 
0.036884 
0.274753 
0.002610 
0.268419 
0.003600 
0.375686 
0.137442 
-0.146004 
0.472360 
-0.227842 
-0.233219 
-0.410504 
0.032897 
0.174055 
0.200453 
0.326450 
0.108931 
0.382348 
0.503116 
0.398320 
0.285112 
0.022753 
-0.242018 
0.334837 
-0.326131 
-0.497871 
0.044828 
-0.100752 
0.446752 
-0.286411 
-0.306167 
0.067987 
-0.350772 
0.001241 
0.135802 
-0.125897 
0.031348 
0.115610 
0.271946 
-0.003622 
0.054617 
-0.033477 
0.021123 
-0.106772 
-0.271503 
-0.235165 
-0.133567 
-0.201078 
-0.037910 
0.076709 
-0.190455 
-0.259855 
0.458716 
0.284130 
-0.327947 
0.267149 
-0.466842 
-0.379856 
-0.159599 
-0.369106 
-0.101873 
0.242828 
-0.135163 
0.062380 
0.448668 
0.015778 
-0.117189 
-0.356180 
-0.333594 
-0.608816 
0.333471 
0.257127 
-0.395893 
-0.210233 
0.141772 
0.196630 
0.354768 
-0.228237 
0.335032 
0.239173 
-0.574068 
-0.248487 
0.032171 
0.026508 
-0.246377 
-0.200416 
0.526283 
-0.130063 
0.335379 
-0.529975 
0.341092 
-0.388015 
-0.048717 
0.373962 
0.125054 
-0.337663 
0.378944 
0.085196 
-0.194039 
-0.273761 
0.189561 
-0.337285 
0.135337 
0.139931 
-0.171017 
0.167797 
0.475937 
0.397829 
-0.007653 
-0.338809 
-0.122334 
0.234039 
0.413714 
0.354964 
-0.457126 
0.188779 
0.383883 
-0.098172 
0.137119 
0.294420 
-0.377109 
0.394411 
-0.134511 
0.236400 
0.167612 
-0.229471 
-0.066277 
0.319208 
0.240241 
0.319785 
-0.465727 
-0.059252 
-0.237793 
0.398620 
0.198923 
-0.203924 
-0.068953 
0.288645 
-0.285901 
0.278153 
-0.393300 
-0.410848 
-0.375940 
-0.346524 
0.289532 
-0.111314 
-0.186013 
0.436655 
0.437830 
-0.131196 
0.025398 
0.084060 
0.208412 
0.260221 
0.348032 
-0.081284 
-0.486285 
0.182716 
-0.286959 
0.392141 
0.091781 
-0.218738 
0.299242 
-0.072570 
0.194459 
0.308219 
0.257731 
0.250662 
-0.201381 
0.405371 
-0.172637 
-0.247395 
0.263764 
-0.441411 
0.052512 
-0.258688 
-0.088890 
-0.400509 
-0.210601 
0.242861 
0.088501 
-0.180725 
0.470109 
0.241243 
-0.223411 
-0.098574 
-0.026554 
-0.348602 
-0.116042 
0.323678 
-0.041226 
-0.136534 
0.229596 
0.282372 
-0.376014 
-0.149918 
0.323500 
0.082598 
0.074381 
-0.218764 
0.344812 
0.330014 
0.064995 
0.077446 
0.053487 
-0.171897 
0.177885 
-0.289949 
-0.177914 
0.304439 
0.161751 
-0.007615 
-0.469671 
0.090500 
0.066945 
-0.192440 
0.231429 
-0.224311 
0.095638 
0.424337 
-0.230888 
-0.450234 
-0.059139 
0.162552 
0.146033 
0.187656 
-0.356253 
-0.359002 
0.371320 
-0.203834 
0.254762 
0.108999 
-0.109313 
0.013057 
0.434073 
-0.161655 
0.318496 
0.094437 
-0.354520 
-0.244832 
0.319876 
-0.042100 
-0.125200 
-0.075925 
0.294165 
0.218649 
-0.268040 
-0.474622 
0.302910 
-0.086747 
-0.236039 
0.432665 
0.445568 
0.118177 
-0.238753 
-0.136496 
-0.387518 
0.228113 
0.264924 
-0.385980 
-0.458900 
-0.321961 
-0.022880 
0.365600 
-0.447967 
-0.089210 
-0.303130 
-0.175209 
-0.255983 
0.425167 
-0.304838 
-0.234036 
-0.435910 
0.090415 
-0.517048 
0.170736 
0.392438 
-0.111683 
-0.198907 
-0.398126 
-0.141129 
-0.247530 
0.422197 
0.358455 
0.193752 
0.106345 
0.097401 
0.159250 
-0.129009 
-0.020945 
0.518242 
-0.324056 
-0.297627 
-0.416642 
-0.530406 
-0.548456 
0.206523 
0.214072 
0.261618 
-0.020563 
-0.282567 
-0.367092 
-0.298921 
-0.209607 
-0.562593 
0.127017 
0.217623 
0.122048 
0.224570 
-0.378502 
0.484759 
0.420367 
-0.375199 
-0.256760 
-0.027543 
0.048611 
-0.456504 
-0.225566 
0.146970 
-0.260978 
0.517359 
0.411891 
0.327717 
0.446974 
0.270672 
0.288434 
-0.489850 
-0.307147 
0.241728 
0.032442 
-0.311500 
0.479576 
-0.313121 
0.460443 
0.458248 
0.324320 
0.128676 
0.014356 
0.245793 
-0.167539 
0.348504 
-0.077919 
0.497270 
0.072111 
0.228008 
0.115229 
0.278051 
-0.338743 
-0.173393 
-0.478356 
0.242988 
-0.435485 
0.131253 
0.003676 
-0.131478 
0.346758 
-0.006343 
-0.364225 
0.406223 
0.242635 
0.282729 
0.233122 
0.267605 
-0.142738 
-0.300782 
0.123598 
-0.004099 
0.025395 
-0.166287 
-0.435870 
-0.488834 
-0.491356 
0.109638 
0.341629 
-0.217365 
-0.335182 
0.156281 
-0.337149 
-0.363174 
0.316361 
0.442473 
0.315361 
-0.476685 
-0.149678 
-0.315415 
0.321058 
-0.139869 
-0.064062 
-0.040284 
0.084051 
-0.063210 
0.356546 
0.029763 
-0.015494 
-0.163995 
0.117480 
0.291987 
-0.253366 
0.247853 
-0.141534 
0.306889 
0.352497 
-0.353616 
-0.402219 
0.115093 
-0.457144 
0.428897 
-0.175626 
0.459004 
-0.230529 
0.364375 
0.467551 
-0.356215 
0.345406 
-0.177787 
-0.161240 
-0.417610 
-0.100254 
-0.389110 
0.502053 
-0.045281 
0.112034 
0.410772 
-0.395199 
-0.256165 
0.027327 
-0.360653 
0.303305 
0.321453 
-0.203166 
0.253807 
0.150402 
0.536515 
-0.027811 
0.363708 
0.042555 
0.263627 
0.023638 
-0.256708 
-0.308275 
0.027680 
-0.422957 
0.367523 
0.090269 
-0.401806 
0.276030 
0.101852 
0.404330 
0.157587 
0.087788 
-0.070589 
-0.061189 
-0.446653 
-0.267753 
0.151954 
0.229757 
0.026970 
0.172303 
-0.001216 
0.126350 
0.366138 
-0.087013 
-0.233659 
0.099216 
-0.104564 
-0.125385 
-0.102865 
-0.089113 
0.387838 
-0.404236 
-0.347920 
-0.134331 
-0.164104 
0.288206 
-0.433936 
-0.049586 
-0.120952 
0.092468 
0.261457 
-0.438576 
0.158098 
0.274227 
0.209999 
0.259940 
0.471354 
0.405928 
0.505596 
-0.024345 
0.286596 
-0.090813 
0.139984 
-0.142020 
0.451613 
0.104320 
-0.020836 
-0.346551 
-0.255239 
0.146972 
0.299335 
0.006818 
-0.481140 
0.036840 
-0.218740 
-0.120354 
0.194218 
-0.324419 
-0.101420 
-0.109398 
-0.343069 
-0.357341 
-0.428622 
0.097130 
-0.195461 
0.337391 
-0.357113 
-0.252628 
0.431250 
0.319107 
-0.268302 
0.420531 
-0.140880 
-0.075521 
0.081750 
-0.379075 
0.259305 
0.411307 
0.177021 
-0.278093 
0.105220 
-0.333432 
-0.342539 
0.381324 
-0.494266 
-0.312647 
-0.171110 
-0.088267 
-0.142976 
0.092263 
-0.354800 
-0.051343 
-0.063948 
-0.423615 
0.176798 
-0.156694 
0.009042 
-0.042316 
-0.330842 
-0.006763 
0.369226 
-0.203835 
-0.316311 
0.143321 
-0.117097 
0.028008 
-0.386426 
0.463732 
0.217909 
0.116447 
-0.388431 
-0.313764 
0.447719 
0.207411 
0.314757 
0.365803 
0.229225 
-0.435803 
-0.386958 
0.299584 
0.332048 
0.362638 
-0.172388 
0.374771 
0.454798 
0.040217 
-0.471703 
0.352335 
0.381750 
0.427137 
-0.351688 
0.063260 
0.259046 
0.315607 
-0.175330 
0.349215 
-0.322274 
-0.413784 
0.060439 
0.230994 
0.201550 
-0.078509 
-0.401820 
-0.018802 
0.038781 
0.232225 
0.095159 
0.191314 
0.235618 
0.269356 
-0.176077 
-0.403143 
0.119221 
0.199464 
-0.480253 
-0.327344 
0.292439 
0.049034 
-0.374277 
-0.057707 
-0.104983 
0.339701 
-0.387363 
-0.008189 
-0.432736 
0.177303 
-0.196333 
-0.027222 
-0.375530 
0.359342 
0.425013 
0.364026 
0.489705 
0.046800 
0.076122 
0.130063 
-0.341585 
-0.479758 
0.280651 
-0.309809 
0.411326 
0.458724 
0.469957 
0.109934 
0.427845 
-0.335441 
0.363657 
-0.120610 
0.222227 
0.055903 
-0.343617 
-0.039650 
-0.036194 
0.324225 
-0.290485 
0.015048 
-0.149416 
-0.110395 
-0.469940 
0.059909 
-0.418790 
0.414948 
0.143277 
-0.446847 
0.229186 
0.210749 
0.450595 
0.031946 
0.025754 
-0.499806 
0.167972 
-0.125222 
-0.465144 
0.066515 
0.166545 
-0.420913 
-0.291916 
-0.215793 
0.198978 
0.038626 
-0.162197 
0.012213 
0.310680 
-0.082772 
-0.496495 
-0.075645 
0.419201 
-0.032347 
0.466840 
-0.322540 
-0.034011 
0.024691 
0.147527 
0.457858 
-0.352282 
0.037543 
0.214286 
-0.372942 
0.080255 
0.037307 
-0.139717 
0.268097 
0.064949 
0.349294 
-0.007616 
0.093412 
-0.233946 
0.464962 
0.484072 
-0.371579 
0.078346 
-0.032275 
-0.257122 
0.384850 
-0.147666 
-0.357195 
-0.505004 
-0.246862 
0.191172 
0.259528 
-0.159115 
-0.295415 
-0.242180 
0.064334 
-0.225862 
-0.457282 
0.096379 
0.012717 
-0.471787 
0.300768 
0.097199 
-0.482761 
0.124863 
0.185513 
-0.009623 
0.012236 
-0.469125 
0.436575 
-0.062840 
0.290014 
-0.000028 
-0.117270 
-0.501226 
-0.168862 
0.190283 
0.455533 
0.055421 
0.419540 
0.093642 
0.391559 
-0.375616 
-0.172976 
-0.404199 
-0.461782 
0.317614 
-0.270574 
-0.388914 
0.014280 
-0.000557 
-0.078807 
-0.445696 
0.419380 
0.214519 
0.286585 
-0.298725 
0.358251 
0.361823 
-0.049889 
-0.276115 
0.380762 
-0.100516 
0.029853 
0.365223 
-0.411691 
-0.331964 
0.267881 
-0.042126 
0.270020 
0.196162 
0.231937 
-0.172257 
0.389664 
0.276707 
0.269718 
-0.280646 
0.278551 
-0.031572 
0.012296 
-0.049482 
-0.431615 
-0.483355 
-0.320854 
0.207149 
0.347653 
0.038424 
-0.456184 
0.213252 
-0.500717 
-0.119577 
0.115573 
-0.498671 
0.151782 
0.388607 
0.041925 
-0.216226 
0.398451 
-0.201667 
-0.049026 
0.189539 
-0.228263 
0.461102 
-0.143718 
0.367988 
0.280920 
-0.280957 
-0.321600 
-0.250777 
-0.478314 
-0.117479 
0.279529 
-0.471775 
0.176110 
-0.419840 
-0.120383 
0.129251 
-0.449698 
-0.387408 
-0.091570 
-0.288483 
0.332837 
-0.319171 
0.473128 
0.079458 
0.406871 
0.323524 
0.382691 
-0.119182 
-0.004621 
0.473960 
-0.325858 
-0.054354 
0.019972 
-0.124403 
0.085646 
-0.447010 
0.301053 
-0.062413 
0.433472 
0.171435 
-0.018948 
0.090412 
-0.308712 
-0.080481 
-0.137147 
0.439591 
0.342084 
0.138974 
-0.325518 
-0.071647 
0.406375 
0.389953 
-0.455662 
0.265858 
0.119974 
0.245570 
-0.419624 
0.220253 
-0.095480 
-0.262822 
-0.287776 
-0.397126 
-0.138216 
-0.130789 
-0.399107 
0.340017 
0.169391 
-0.079716 
0.316446 
-0.080933 
0.105625 
0.467226 
-0.112531 
-0.479776 
0.090929 
0.072960 
-0.060569 
-0.283307 
0.385002 
0.082054 
-0.455688 
-0.503853 
0.481269 
-0.469459 
0.151367 
0.440436 
0.462236 
0.460469 
0.350627 
-0.261820 
-0.122580 
-0.131875 
-0.157989 
0.210990 
0.171442 
-0.377791 
-0.454768 
-0.046911 
0.050938 
-0.174275 
0.487918 
0.032119 
-0.131098 
-0.338073 
-0.366117 
-0.067740 
0.110581 
0.060352 
-0.277557 
-0.250202 
0.301538 
0.045611 
-0.194724 
-0.348556 
0.262414 
-0.418153 
-0.138686 
0.429813 
0.135881 
0.374190 
0.491160 
0.067068 
-0.091678 
-0.025440 
-0.315112 
0.268957 
-0.168384 
0.412458 
0.391644 
0.332050 
0.091957 
0.078694 
-0.008891 
0.325779 
-0.166162 
-0.166303 
-0.257032 
-0.044063 
-0.238947 
0.141278 
-0.492825 
-0.106909 
-0.070771 
-0.262020 
0.217064 
-0.012859 
-0.306349 
0.356535 
-0.030384 
0.150198 
-0.009617 
0.362605 
-0.338187 
-0.059180 
0.040856 
0.455867 
-0.112198 
0.154482 
-0.053842 
0.082773 
-0.461383 
0.330485 
0.163488 
-0.351495 
0.361489 
0.209111 
-0.041366 
0.191015 
-0.427124 
-0.271964 
0.114526 
0.271971 
0.234285 
-0.101059 
0.410418 
0.514954 
0.389590 
-0.447301 
0.430290 
-0.492929 
-0.144836 
-0.496935 
0.136110 
0.369271 
-0.450770 
-0.340989 
-0.227539 
-0.486358 
0.395998 
-0.021977 
-0.413265 
0.121280 
-0.212126 
-0.445642 
0.255845 
-0.238117 
0.381236 
-0.146016 
0.155915 
-0.220604 
0.054595 
-0.317781 
0.331566 
-0.151001 
0.191280 
-0.251297 
0.294808 
-0.398061 
0.450307 
-0.028957 
0.168174 
-0.478804 
-0.218353 
-0.168481 
-0.416653 
-0.492229 
0.448917 
0.265775 
-0.069142 
-0.141886 
0.143384 
0.153784 
-0.235207 
-0.022151 
-0.478275 
-0.381749 
-0.216638 
-0.345450 
0.200843 
-0.284279 
0.202861 
-0.008036 
-0.250288 
0.321756 
-0.331227 
-0.501792 
0.286496 
0.314507 
-0.460245 
-0.121914 
-0.051744 
0.110618 
-0.307952 
-0.120344 
-0.212222 
0.140317 
-0.085798 
0.058099 
0.139667 
0.116946 
0.456865 
-0.138186 
-0.276963 
0.456918 
0.189265 
-0.050909 
0.224203 
0.293462 
0.042955 
0.268447 
-0.090907 
-0.444191 
0.174743 
-0.307817 
-0.134552 
0.119073 
0.431778 
0.197520 
-0.185583 
0.384548 
-0.378066 
-0.459570 
-0.358037 
0.274027 
-0.441989 
-0.450506 
0.414926 
0.060723 
-0.046750 
-0.196477 
-0.471332 
0.127811 
0.358460 
0.107239 
0.078492 
0.073243 
0.395466 
0.395488 
-0.433684 
0.206439 
-0.263792 
-0.386436 
0.380380 
0.372013 
-0.415340 
0.320423 
-0.255613 
0.300107 
-0.049158 
-0.322412 
0.351083 
-0.155166 
-0.418651 
0.359433 
0.079358 
0.023273 
0.048075 
-0.328008 
0.029555 
0.105715 
-0.241296 
0.393167 
-0.323143 
-0.370299 
0.045781 
-0.432068 
0.374373 
-0.456159 
0.001105 
0.161242 
-0.333710 
-0.256127 
-0.226514 
0.211047 
-0.304907 
-0.318937 
0.023512 
-0.484621 
-0.158235 
0.092610 
0.399412 
0.227788 
0.101336 
-0.109488 
0.378742 
0.078265 
-0.314893 
0.097884 
0.473990 
-0.231537 
-0.152795 
0.247774 
0.297551 
0.193507 
-0.189571 
-0.051467 
0.049315 
0.095806 
-0.084150 
0.350291 
0.249395 
-0.440975 
-0.150777 
-0.308950 
-0.414648 
-0.012485 
-0.071082 
0.139602 
0.237256 
-0.026527 
-0.232349 
0.139969 
0.271716 
-0.203523 
-0.348583 
0.324457 
-0.425561 
0.093983 
-0.359527 
0.438873 
-0.416160 
0.133984 
-0.163318 
0.356650 
0.150325 
0.239838 
-0.049323 
0.454048 
-0.430135 
-0.460462 
-0.120706 
-0.150890 
0.256215 
-0.033479 
0.238624 
-0.479807 
-0.180369 
-0.028661 
-0.416827 
-0.309431 
-0.439226 
0.280034 
0.018174 
0.286727 
-0.481126 
-0.101592 
-0.430381 
-0.389750 
0.140681 
-0.078333 
-0.299567 
-0.141352 
0.220518 
-0.041477 
-0.440913 
-0.462505 
0.050000 
0.020410 
0.309497 
-0.499515 
0.219553 
0.268356 
0.167914 
-0.390424 
-0.200471 
-0.441104 
-0.222105 
-0.000327 
0.200143 
0.029506 
-0.351834 
0.000909 
-0.097689 
-0.339554 
-0.480783 
0.359722 
-0.202035 
-0.271867 
-0.340412 
-0.080112 
-0.470761 
0.212475 
-0.330017 
-0.280057 
-0.370564 
-0.240550 
-0.391421 
-0.311128 
0.357157 
0.058926 
-0.420559 
-0.079870 
-0.250219 
0.400613 
-0.358056 
-0.028741 
0.458960 
0.369419 
-0.122096 
0.386174 
0.139088 
-0.250519 
0.260538 
0.131502 
0.370433 
0.268587 
0.049193 
-0.079773 
0.189539 
-0.010598 
-0.182684 
-0.380213 
0.280389 
0.469508 
-0.070054 
-0.137971 
-0.229392 
-0.459952 
-0.440204 
0.329922 
0.008525 
-0.141833 
0.259775 
-0.229491 
-0.419782 
0.181787 
0.150001 
-0.048534 
0.440146 
-0.290234 
0.190205 
-0.490735 
0.157763 
0.210073 
0.440361 
-0.220489 
-0.308907 
-0.121507 
-0.170309 
0.150964 
-0.480195 
-0.180575 
-0.431940 
0.068215 
-0.460135 
-0.169840 
0.300755 
-0.269676 
0.349750 
-0.256775 
-0.410379 
0.060188 
-0.490684 
-0.181483 
0.047878 
-0.369422 
0.230641 
-0.030144 
0.208119 
-0.080579 
-0.147270 
-0.449772 
-0.269914 
0.338118 
-0.161794 
0.259443 
-0.419187 
0.079999 
0.160243 
-0.118516 
0.001730 
0.030066 
-0.000510 
0.459502 
-0.250101 
0.018686 
0.037620 
0.038542 
0.119702 
-0.130144 
0.128781 
-0.029105 
-0.368256 
0.151780 
0.269603 
-0.360800 
-0.261430 
0.267423 
-0.370342 
0.230223 
-0.018131 
-0.360490 
-0.309774 
0.431669 
0.120284 
-0.230511 
0.478657 
-0.150697 
0.057867 
-0.170803 
-0.369536 
-0.048998 
-0.250670 
0.452429 
0.260558 
-0.059876 
-0.150306 
-0.120651 
0.057504 
-0.181893 
-0.470648 
0.441649 
-0.000367 
-0.458750 
-0.148217 
0.252451 
-0.069912 
-0.380466 
0.009644 
0.008330 
-0.231984 
-0.100685 
0.299584 
-0.450794 
0.221812 
-0.470390 
-0.258007 
-0.489778 
0.159392 
0.379049 
-0.411049 
-0.171481 
0.209808 
-0.299333 
0.482720 
0.130535 
-0.330286 
-0.259704 
0.008698 
0.138690 
0.137902 
0.459059 
-0.547437 
0.070111 
-0.120640 
-0.068995 
0.119360 
-0.234194 
0.361927 
0.041228 
0.288367 
0.290139 
-0.305958 
-0.417564 
0.270156 
0.453742 
-0.107762 
-0.016781 
0.188555 
-0.475763 
0.348612 
0.357488 
0.461223 
-0.084799 
-0.475929 
0.326992 
0.422658 
0.033386 
0.340239 
0.122240 
0.408000 
0.259134 
0.386181 
0.198658 
-0.502694 
0.351919 
0.077393 
0.396102 
0.265812 
0.265411 
0.059864 
-0.235175 
0.231705 
0.262828 
-0.001042 
-0.025048 
-0.243818 
-0.487009 
0.494479 
0.486158 
0.342175 
0.204835 
-0.440884 
0.476043 
-0.204787 
0.077773 
-0.444477 
0.407111 
0.267968 
0.270125 
0.112749 
0.453123 
-0.220621 
0.430904 
0.134752 
-0.310046 
0.160425 
-0.326203 
0.017195 
0.250928 
0.145110 
0.244347 
-0.020817 
0.278132 
-0.002350 
-0.244919 
-0.201072 
-0.481258 
-0.154841 
0.273699 
-0.418364 
0.429032 
-0.415075 
0.265839 
-0.294790 
0.429011 
0.164785 
-0.168561 
0.129339 
0.072398 
0.195944 
-0.486869 
-0.072383 
-0.165570 
0.324350 
-0.436093 
0.347940 
-0.034036 
-0.411890 
-0.415318 
-0.100715 
0.340354 
-0.074206 
0.154604 
-0.160368 
0.360129 
-0.256909 
0.181737 
-0.269343 
-0.069215 
-0.286135 
0.365665 
0.068736 
0.098829 
-0.471437 
0.201650 
-0.084070 
0.423206 
0.256443 
-0.216461 
-0.440878 
0.044507 
-0.386701 
-0.397446 
-0.244321 
-0.035221 
0.106790 
-0.404000 
0.428305 
-0.443116 
0.373668 
-0.134188 
0.199999 
-0.037033 
-0.268280 
-0.228675 
0.042853 
0.047352 
-0.300986 
-0.506963 
0.173142 
0.051855 
-0.295878 
-0.355617 
0.094199 
-0.277475 
0.355105 
0.424895 
-0.481760 
-0.469521 
0.335283 
-0.382594 
-0.143573 
-0.004965 
-0.332464 
-0.014543 
0.303923 
0.171996 
-0.473841 
0.417714 
0.238498 
0.045905 
0.286187 
-0.478021 
-0.413383 
-0.244878 
-0.271602 
-0.110419 
0.064851 
0.352140 
-0.304872 
-0.089801 
-0.478769 
-0.480181 
-0.348839 
0.148125 
0.321601 
-0.440114 
0.050373 
-0.181656 
0.035402 
0.331946 
-0.232502 
-0.358273 
0.216543 
-0.395920 
0.000011 
-0.117619 
-0.212851 
-0.379869 
0.074181 
-0.268286 
-0.004509 
-0.354774 
-0.149001 
0.412652 
-0.267290 
-0.103180 
-0.288534 
0.460306 
-0.473838 
-0.450525 
-0.176756 
0.091005 
0.006359 
-0.018554 
-0.401830 
0.134145 
0.340731 
0.345291 
-0.194113 
0.184824 
0.023375 
0.187579 
-0.482336 
0.324683 
0.402225 
0.400588 
0.108691 
-0.223469 
0.383973 
0.289168 
0.449918 
0.168327 
-0.437022 
-0.206200 
0.188150 
-0.125958 
0.101260 
-0.026850 
-0.223717 
-0.308825 
-0.267487 
-0.130855 
0.339512 
-0.060325 
0.206750 
0.356512 
-0.387344 
-0.339359 
-0.380196 
-0.126473 
0.253747 
-0.460493 
0.146157 
0.029495 
0.124840 
-0.350104 
-0.213045 
-0.033611 
-0.026408 
-0.033535 
0.368661 
-0.113793 
0.423320 
0.458608 
0.092797 
0.455757 
-0.148291 
-0.123182 
-0.133647 
-0.298535 
0.372849 
-0.215624 
-0.271460 
-0.153684 
0.264574 
0.209384 
0.428623 
-0.104046 
0.153331 
0.462417 
-0.063250 
0.176694 
0.146207 
-0.339783 
0.130922 
-0.042880 
-0.088081 
0.445074 
-0.381273 
0.455627 
-0.273963 
-0.027767 
-0.226191 
-0.090992 
-0.291199 
0.388453 
-0.378011 
0.486919 
-0.113492 
-0.169004 
0.265085 
-0.401873 
-0.074529 
0.395581 
-0.069717 
-0.453007 
0.172130 
0.161576 
0.397217 
0.001908 
-0.477341 
-0.372909 
0.284067 
-0.440955 
0.192688 
0.312273 
0.385038 
0.211906 
-0.219325 
0.165122 
-0.281638 
-0.393247 
-0.032170 
-0.480524 
0.356252 
-0.342140 
-0.343057 
-0.332928 
0.390483 
0.329058 
0.466515 
0.069623 
-0.043441 
-0.095016 
-0.134416 
0.176885 
-0.035280 
0.081290 
-0.244456 
-0.370578 
-0.092012 
0.170617 
-0.491351 
-0.421248 
0.446160 
0.337056 
0.119830 
0.028522 
-0.181691 
0.111699 
-0.004762 
-0.346834 
-0.180895 
0.489239 
-0.455465 
-0.491456 
0.285977 
-0.488087 
-0.008530 
0.466071 
-0.081827 
0.397693 
-0.025637 
-0.255061 
-0.305218 
-0.293670 
-0.409379 
0.195893 
0.331312 
-0.183867 
0.193087 
-0.366507 
-0.160294 
-0.276147 
-0.251967 
0.200431 
0.329378 
-0.012690 
0.181618 
-0.403224 
0.001197 
0.125273 
0.443456 
0.113219 
-0.100334 
-0.256589 
-0.372831 
0.085271 
0.472069 
0.053231 
-0.226446 
-0.384011 
-0.081385 
-0.276468 
-0.085692 
-0.100299 
-0.400173 
-0.495543 
0.188434 
0.466634 
-0.216215 
0.017976 
0.160363 
0.357541 
0.478443 
0.393272 
-0.372678 
-0.362847 
0.235861 
0.381726 
-0.142859 
0.008249 
0.280277 
-0.225835 
-0.290633 
-0.225940 
-0.483278 
0.309388 
-0.291332 
-0.469370 
-0.411674 
-0.137714 
0.284146 
0.311875 
0.060208 
-0.082108 
-0.022031 
-0.214644 
-0.436351 
0.231861 
0.354246 
0.032702 
0.328832 
-0.373277 
-0.475850 
-0.097824 
-0.500880 
-0.294819 
-0.508846 
0.083616 
0.458403 
0.313107 
-0.307985 
-0.264817 
0.393921 
0.115134 
-0.011191 
0.240112 
0.111102 
0.453459 
-0.325076 
-0.305345 
-0.016867 
0.024986 
-0.077900 
-0.190603 
-0.417709 
-0.423548 
-0.043966 
0.121743 
-0.177254 
0.292489 
0.489687 
0.066414 
-0.092188 
-0.482676 
-0.093988 
-0.114531 
0.343149 
-0.377314 
-0.326318 
0.176381 
0.462673 
-0.206133 
0.444182 
0.481623 
-0.462746 
-0.392256 
-0.152620 
-0.199182 
0.032096 
0.282064 
-0.045561 
0.269044 
-0.490033 
0.073415 
-0.015769 
0.007944 
-0.434186 
0.238181 
-0.452183 
-0.416308 
-0.216818 
-0.067081 
-0.058861 
-0.317454 
0.291074 
0.465953 
0.142946 
0.436785 
0.186261 
-0.427990 
0.474897 
-0.188070 
-0.277303 
-0.149119 
0.320973 
0.492670 
-0.447809 
-0.220671 
-0.201950 
0.120419 
-0.100670 
-0.039690 
0.419266 
0.217992 
0.305812 
0.316106 
0.483249 
-0.134314 
0.412366 
-0.259608 
-0.147558 
0.004010 
0.189055 
0.366437 
0.424096 
0.393496 
0.217335 
0.255818 
0.194329 
0.206402 
-0.423347 
0.416322 
0.244499 
0.004868 
-0.143374 
0.151463 
0.388813 
-0.164514 
0.415795 
0.034720 
-0.349635 
-0.415870 
0.211861 
-0.458087 
-0.222150 
0.234870 
0.361998 
-0.478394 
0.368068 
0.402860 
0.399585 
0.485070 
-0.485667 
0.371652 
-0.111892 
-0.287632 
0.265597 
0.461780 
-0.363987 
-0.428399 
0.197043 
-0.254922 
-0.197486 
-0.167045 
-0.403772 
-0.280849 
0.414746 
-0.481665 
-0.124329 
-0.170436 
-0.162794 
0.161725 
-0.337202 
0.209699 
0.391732 
0.038939 
-0.404967 
0.001248 
-0.322509 
-0.410721 
-0.391630 
0.275438 
-0.314752 
-0.174026 
-0.344635 
-0.021462 
0.100619 
0.146985 
0.483929 
-0.281096 
-0.250376 
0.105169 
0.418106 
-0.202843 
-0.353687 
-0.121476 
-0.511077 
0.042463 
0.211643 
-0.127989 
0.112390 
-0.369037 
0.265930 
0.031743 
0.267800 
0.435998 
-0.266589 
0.096052 
-0.120505 
-0.357314 
0.324471 
0.449886 
-0.176340 
-0.104217 
0.378258 
-0.190337 
-0.421389 
-0.144635 
-0.186539 
-0.340872 
0.383870 
0.452628 
-0.002781 
0.425653 
-0.335503 
-0.379661 
0.186257 
-0.230745 
-0.469930 
-0.321747 
-0.036752 
-0.395454 
0.304740 
-0.417818 
0.231645 
0.382469 
0.327670 
-0.272242 
0.153057 
-0.040996 
0.114185 
0.256638 
0.479028 
0.234987 
-0.353947 
0.362453 
-0.220882 
-0.341898 
0.326140 
-0.381416 
0.061525 
0.357243 
-0.015206 
0.310266 
0.380475 
-0.210466 
0.164445 
-0.346907 
-0.372927 
0.189517 
-0.287093 
0.426282 
0.255481 
0.246918 
-0.219395 
0.237565 
-0.049938 
-0.267185 
0.007479 
0.222524 
0.096886 
0.126541 
-0.252482 
-0.330512 
0.381511 
-0.501442 
-0.009834 
0.095603 
0.165125 
0.340461 
-0.472451 
0.111664 
0.040420 
0.078607 
-0.460498 
0.315818 
-0.173110 
-0.011440 
0.021971 
-0.066699 
-0.385016 
-0.431000 
0.228355 
-0.269888 
-0.342280 
-0.302721 
0.387655 
0.024472 
0.135548 
-0.372382 
-0.323032 
0.477395 
-0.381603 
0.079357 
-0.146972 
0.356393 
-0.024148 
-0.126014 
0.094755 
-0.087632 
-0.058577 
-0.463039 
0.264614 
-0.291424 
-0.115858 
0.165419 
0.423610 
-0.186931 
0.140810 
0.476333 
-0.196413 
-0.392243 
-0.255857 
-0.168697 
-0.303689 
0.388034 
-0.102461 
0.359688 
-0.240780 
-0.124069 
0.126961 
0.087612 
0.187995 
-0.415503 
-0.344578 
-0.086870 
0.093164 
-0.404787 
0.376310 
0.187522 
0.244810 
0.012829 
-0.472251 
-0.152821 
0.048568 
-0.044007 
0.219321 
-0.312343 
0.176307 
0.188894 
0.395354 
0.002090 
-0.448465 
0.414044 
0.121570 
-0.143061 
-0.309120 
-0.328967 
0.270207 
-0.215629 
0.440223 
-0.383152 
-0.214214 
-0.357795 
0.325373 
-0.101984 
0.353828 
0.358191 
-0.046851 
-0.497160 
-0.050082 
-0.015252 
0.297437 
0.275113 
-0.138835 
-0.413079 
0.296712 
0.489326 
-0.275414 
-0.117442 
0.087623 
-0.436366 
-0.033619 
-0.443128 
-0.151868 
0.282156 
0.272967 
-0.111600 
0.090478 
0.417089 
-0.275668 
0.486519 
0.324700 
-0.402246 
-0.353369 
0.246157 
-0.475555 
0.330828 
0.495337 
0.313314 
0.099937 
-0.202758 
-0.075633 
-0.397322 
0.207422 
-0.114938 
0.470753 
0.154804 
0.251009 
0.374745 
0.459592 
-0.243738 
-0.214816 
0.341583 
0.249371 
0.134509 
0.094496 
-0.335655 
0.075363 
-0.213660 
0.109748 
0.199518 
-0.249272 
-0.340777 
-0.117047 
-0.284729 
0.015852 
-0.103815 
0.194435 
-0.141316 
-0.243199 
0.118366 
-0.408550 
0.044069 
0.239688 
0.472650 
0.118086 
0.180927 
0.135119 
-0.177826 
-0.405641 
0.383713 
0.263403 
-0.308690 
0.174907 
0.389040 
-0.185806 
-0.067637 
0.453555 
0.208263 
0.150670 
0.224212 
-0.025658 
0.016512 
-0.342451 
-0.276633 
0.082168 
0.325298 
0.197730 
-0.212398 
-0.211318 
-0.159841 
0.032267 
-0.371575 
0.077434 
0.270248 
-0.449846 
0.204977 
0.278219 
-0.187146 
-0.477493 
-0.178924 
0.190017 
0.187616 
0.047896 
0.304440 
0.480836 
-0.419965 
-0.058789 
0.472487 
0.288092 
0.400750 
-0.088896 
0.351202 
0.227251 
-0.485353 
0.130574 
0.367333 
-0.253375 
0.085387 
-0.311855 
0.223855 
0.324880 
-0.107544 
0.105890 
0.331891 
-0.326303 
0.175878 
0.325132 
0.212305 
-0.132644 
-0.268498 
-0.156962 
-0.387849 
0.006470 
-0.049295 
0.113894 
-0.413506 
0.298759 
0.085238 
-0.353249 
-0.391708 
0.127643 
-0.006166 
-0.257398 
0.331903 
-0.296946 
-0.287812 
-0.313307 
-0.000339 
0.344237 
0.447907 
0.300085 
-0.425136 
-0.442651 
-0.450770 
-0.270081 
0.025856 
-0.412242 
-0.218761 
0.229638 
0.424810 
0.108594 
0.325815 
-0.406900 
-0.495785 
-0.295206 
0.167003 
-0.149146 
0.325611 
-0.177792 
-0.165472 
-0.346262 
0.038972 
-0.373731 
-0.447065 
0.210887 
-0.005537 
-0.056251 
-0.021942 
0.438438 
-0.219581 
-0.013453 
-0.325430 
0.308007 
0.388035 
0.207657 
-0.147238 
0.202017 
0.099872 
-0.078853 
0.209574 
-0.358162 
-0.423336 
-0.262017 
0.023677 
-0.151885 
-0.226722 
0.093860 
0.069544 
0.339675 
0.400874 
0.269150 
0.076324 
0.409325 
0.098665 
-0.042214 
0.189160 
0.229491 
0.062145 
0.424074 
0.406790 
-0.300464 
-0.309378 
-0.006874 
0.382951 
-0.040937 
0.259917 
0.314707 
0.205509 
-0.041235 
-0.131782 
-0.368023 
-0.049519 
0.110207 
-0.352410 
-0.014674 
0.147768 
-0.094556 
-0.186841 
0.408932 
-0.261023 
0.466110 
-0.098903 
-0.135319 
0.206855 
0.245518 
-0.196219 
-0.289593 
0.213484 
-0.193141 
-0.207483 
-0.038756 
-0.238902 
0.408835 
-0.119196 
-0.289144 
-0.065366 
-0.317209 
-0.452923 
0.258384 
0.197637 
0.202216 
-0.356136 
0.367711 
0.120508 
0.368697 
-0.489823 
-0.310991 
-0.057574 
0.249400 
-0.338199 
-0.393988 
0.215277 
-0.206649 
-0.165738 
-0.196558 
0.191121 
0.052839 
0.427313 
0.397043 
-0.261721 
0.017880 
0.209037 
0.055879 
-0.106764 
-0.297167 
-0.151938 
0.029211 
0.299675 
0.306043 
-0.158958 
0.318979 
-0.347791 
0.213662 
-0.039764 
0.049282 
-0.422681 
-0.409328 
0.056721 
0.300108 
-0.494994 
0.338926 
0.458870 
0.183519 
-0.297406 
0.021881 
-0.421190 
-0.102223 
0.068345 
-0.418146 
0.153276 
0.007910 
-0.469417 
-0.366024 
0.152036 
0.493685 
-0.091100 
0.314660 
-0.124840 
0.333243 
-0.095099 
0.341153 
-0.258752 
-0.444794 
0.067023 
-0.061262 
0.039119 
-0.265674 
-0.473018 
-0.188677 
-0.344151 
-0.054813 
0.398031 
-0.445103 
-0.131024 
0.371282 
0.234709 
0.211977 
0.066521 
-0.012775 
-0.455028 
-0.385408 
0.199327 
-0.358415 
0.457803 
-0.096844 
-0.480039 
0.393352 
0.395898 
0.196135 
0.445917 
0.119284 
-0.265656 
-0.260354 
0.355024 
-0.353336 
0.411965 
0.470860 
0.300297 
-0.105128 
-0.417429 
0.016336 
0.424779 
0.086666 
0.142165 
0.114086 
-0.012031 
-0.039812 
0.351927 
-0.484974 
0.146025 
-0.425519 
-0.223404 
-0.352142 
0.218970 
0.188013 
-0.040359 
-0.246172 
0.046587 
-0.420506 
-0.086343 
-0.074338 
0.449783 
0.453709 
0.337444 
0.174464 
-0.438949 
0.242680 
-0.338849 
0.249857 
-0.489685 
-0.069964 
-0.359411 
-0.095428 
0.017835 
-0.157522 
-0.330879 
-0.471089 
0.299326 
-0.089495 
-0.065457 
0.478403 
-0.261882 
-0.490782 
-0.109417 
-0.093932 
-0.283484 
-0.172899 
-0.318724 
-0.392081 
0.239859 
-0.210989 
-0.254619 
-0.074012 
0.166728 
-0.171599 
0.427205 
0.429086 
0.303037 
-0.052628 
0.114366 
0.233423 
0.372195 
-0.019371 
-0.250889 
0.185794 
0.131464 
0.285789 
0.285616 
-0.468905 
-0.188289 
-0.374880 
-0.071960 
0.406288 
0.192818 
-0.112703 
-0.279231 
-0.148179 
-0.042556 
-0.240771 
0.417257 
-0.482166 
0.338112 
0.108846 
0.166595 
0.204883 
-0.239786 
-0.452541 
-0.111574 
-0.036941 
0.044711 
0.439490 
0.449154 
-0.031570 
0.483060 
0.413051 
-0.479593 
-0.350403 
-0.385211 
-0.447701 
-0.374351 
0.090031 
-0.449919 
0.349386 
-0.482417 
-0.343688 
0.016482 
-0.475731 
-0.212084 
-0.250170 
-0.093943 
0.072949 
-0.083450 
0.015803 
-0.241244 
-0.011783 
0.163388 
0.031488 
0.412960 
0.495193 
-0.103213 
0.394549 
-0.364178 
0.351019 
-0.283349 
-0.133974 
0.488877 
0.336435 
0.390890 
-0.134337 
0.381696 
-0.332343 
-0.315907 
0.417911 
0.137829 
-0.177208 
0.407886 
-0.323339 
-0.206764 
-0.485038 
-0.349328 
-0.489446 
0.453388 
0.325797 
0.344607 
0.040301 
-0.326222 
-0.203454 
-0.201984 
-0.098537 
-0.477067 
-0.417561 
0.372522 
-0.008056 
-0.264273 
-0.415504 
0.011095 
-0.389815 
-0.458805 
-0.223436 
-0.335226 
0.089001 
0.184378 
-0.257835 
0.193082 
0.299079 
0.467831 
0.275901 
-0.129572 
0.280965 
-0.410262 
0.007055 
-0.436512 
-0.383005 
0.427650 
0.250084 
0.468876 
0.193293 
-0.317795 
-0.035557 
-0.243157 
-0.120497 
0.116689 
-0.011378 
-0.477982 
0.142684 
-0.222733 
0.433848 
-0.252832 
-0.173198 
0.159345 
-0.496731 
-0.116688 
-0.292135 
0.188362 
-0.197029 
0.196611 
0.408677 
0.355910 
0.394644 
0.337575 
0.420582 
0.194936 
0.390476 
0.164492 
-0.241672 
0.320950 
-0.278432 
-0.061149 
-0.421600 
-0.466596 
0.227471 
-0.455394 
0.293328 
0.209870 
0.325469 
0.400070 
0.322129 
0.340489 
-0.490908 
0.407172 
-0.331747 
0.106920 
0.137521 
0.436781 
0.146032 
-0.305322 
0.262655 
-0.153934 
0.053314 
0.323958 
0.082411 
0.435907 
0.431986 
-0.380464 
0.102496 
-0.222532 
-0.102987 
-0.137235 
-0.244781 
0.187233 
-0.368206 
0.047601 
-0.091266 
-0.140257 
0.341395 
-0.292980 
0.370458 
-0.468428 
-0.324416 
0.066556 
0.011995 
-0.157312 
-0.489450 
0.092936 
-0.199176 
-0.406038 
-0.102023 
-0.263621 
-0.224604 
-0.423178 
-0.322963 
-0.271217 
0.004381 
0.006807 
-0.316748 
0.201082 
0.221164 
-0.240886 
-0.125373 
0.363077 
0.197489 
-0.081672 
-0.403756 
0.216725 
-0.269253 
-0.421583 
0.158794 
0.194064 
0.074819 
0.074906 
-0.154111 
-0.275221 
-0.464345 
-0.066038 
0.012852 
0.410402 
-0.238479 
-0.256833 
-0.113632 
-0.128305 
0.078989 
-0.101540 
0.368585 
0.241777 
0.030342 
-0.212642 
-0.361416 
0.464755 
0.150970 
0.157413 
-0.207554 
-0.497064 
0.115739 
0.351885 
0.371617 
0.437920 
-0.290630 
-0.487502 
-0.235338 
-0.209716 
0.165633 
-0.030539 
-0.499974 
-0.423899 
-0.029851 
-0.157570 
0.063788 
0.054082 
0.095122 
0.237512 
0.084065 
0.062773 
0.188626 
0.015736 
0.132759 
-0.440052 
0.462733 
-0.355626 
0.212328 
0.010979 
-0.066245 
-0.298693 
0.333656 
-0.145899 
0.287928 
-0.119497 
0.011968 
-0.101734 
0.216080 
0.233058 
-0.229899 
-0.015774 
0.260293 
-0.237844 
-0.286119 
-0.394036 
-0.454214 
-0.416416 
0.069610 
0.212873 
-0.267430 
-0.094258 
-0.454730 
0.029641 
-0.236018 
-0.158087 
0.183654 
0.233627 
-0.172833 
-0.304326 
0.320081 
0.281391 
0.291359 
-0.446862 
0.027641 
-0.048452 
0.406866 
-0.209957 
-0.400147 
-0.463482 
-0.110319 
-0.324756 
-0.319648 
0.140764 
-0.251540 
0.413691 
-0.005132 
0.296786 
0.442677 
0.072083 
-0.224892 
0.390384 
0.399416 
0.120248 
0.399109 
0.354064 
0.129334 
-0.380396 
-0.023995 
-0.201730 
0.101666 
0.213935 
-0.339294 
0.084418 
0.248398 
-0.203691 
0.394853 
-0.408025 
-0.367583 
-0.439472 
-0.033278 
-0.167641 
-0.286282 
-0.278687 
0.251925 
0.274673 
-0.467895 
-0.117189 
-0.122059 
0.231219 
-0.429930 
-0.350550 
0.408402 
0.034564 
-0.008710 
0.484481 
0.202351 
0.298754 
-0.398673 
-0.023334 
0.236566 
-0.235387 
-0.250595 
-0.255514 
0.327052 
0.381969 
-0.499014 
0.335587 
0.133901 
-0.445695 
-0.464004 
0.181451 
-0.332388 
-0.032868 
-0.312611 
0.386321 
0.408897 
-0.359067 
-0.340012 
-0.113942 
0.306372 
0.033623 
0.412513 
0.349454 
0.186282 
0.229320 
-0.119382 
0.358934 
-0.464779 
-0.037903 
-0.503723 
-0.075871 
-0.152102 
-0.493557 
-0.248370 
0.247200 
0.147104 
-0.384334 
0.403178 
0.013154 
-0.099830 
0.199355 
0.314919 
-0.126860 
-0.262572 
-0.092994 
-0.230305 
-0.286828 
0.485571 
-0.118923 
-0.006516 
0.422018 
0.345994 
-0.063715 
0.144585 
0.236570 
0.143677 
-0.013091 
-0.031539 
-0.210227 
0.427370 
-0.435331 
-0.206117 
0.467097 
-0.272170 
0.425248 
-0.458705 
0.017632 
-0.293761 
-0.037517 
-0.037579 
-0.269629 
-0.491369 
0.186388 
0.234723 
0.012796 
-0.480284 
-0.233886 
-0.063196 
0.008467 
-0.132316 
0.133533 
-0.063406 
-0.046460 
0.118810 
0.449672 
-0.373193 
0.047811 
-0.376456 
-0.056687 
0.265022 
-0.098161 
0.308913 
-0.239183 
-0.233335 
-0.335666 
-0.101347 
-0.454018 
-0.235066 
0.096549 
-0.338838 
0.413137 
0.481445 
-0.220827 
0.090565 
0.444056 
0.055193 
-0.457553 
-0.194517 
0.079970 
0.111377 
0.068440 
-0.044712 
0.194193 
-0.367137 
-0.477947 
0.455027 
-0.382892 
0.300533 
-0.405142 
-0.140994 
0.018918 
-0.067665 
0.392892 
-0.353036 
-0.349808 
-0.328501 
-0.067562 
0.405793 
0.102684 
-0.190294 
0.131228 
-0.290450 
0.049350 
0.302678 
0.106459 
0.332120 
-0.455221 
0.370347 
-0.404662 
-0.212777 
0.203073 
-0.059176 
-0.382324 
0.354175 
0.148744 
-0.223521 
0.323638 
-0.051791 
-0.068482 
-0.312071 
-0.339780 
-0.383341 
0.035069 
0.351135 
-0.163355 
-0.315931 
-0.223091 
-0.171003 
0.404848 
-0.215687 
-0.002904 
-0.373040 
-0.062506 
0.013779 
0.387637 
0.053124 
-0.276850 
0.467253 
0.296084 
-0.040632 
0.152396 
0.072274 
-0.477308 
0.310604 
-0.193158 
-0.085808 
0.036151 
-0.126655 
-0.189243 
-0.055188 
-0.001504 
0.223633 
-0.222417 
0.274753 
-0.506288 
0.012050 
0.332202 
0.084739 
0.466083 
-0.239355 
0.206885 
-0.163153 
0.058161 
-0.404862 
-0.147870 
0.076321 
0.100730 
-0.304143 
0.000877 
0.353124 
-0.181625 
0.359467 
0.405737 
0.352889 
-0.354718 
-0.149704 
0.464409 
-0.222687 
-0.182747 
-0.111392 
-0.103237 
-0.509912 
-0.157355 
0.043676 
-0.494203 
0.464895 
0.145205 
-0.445133 
-0.520136 
-0.143527 
-0.482723 
-0.228278 
0.216294 
-0.036557 
-0.269703 
-0.335628 
0.088050 
-0.495205 
0.301307 
0.164847 
-0.046162 
-0.014478 
-0.476911 
-0.332942 
-0.223560 
-0.291804 
-0.454822 
0.078005 
-0.228290 
-0.165951 
0.063855 
-0.370960 
0.375121 
0.406629 
-0.055988 
-0.049654 
0.400117 
-0.312933 
0.350830 
0.113244 
0.473246 
-0.184394 
0.086926 
-0.285279 
-0.410940 
0.097469 
0.430381 
-0.496587 
0.093863 
-0.344656 
-0.502058 
0.423068 
0.092664 
-0.294583 
0.054667 
-0.246048 
0.145449 
-0.419254 
-0.345831 
-0.405191 
0.337116 
0.438640 
-0.255107 
-0.516708 
0.333789 
-0.428988 
0.268035 
-0.322028 
-0.262706 
0.034249 
0.430402 
-0.334638 
-0.075282 
-0.197702 
0.312000 
0.163757 
-0.055691 
-0.227538 
-0.503591 
0.357295 
-0.252961 
-0.053233 
0.065858 
-0.257453 
-0.465725 
0.094654 
0.073105 
-0.366721 
-0.032666 
-0.063122 
-0.409474 
-0.077693 
0.050110 
-0.016159 
-0.448136 
0.137383 
-0.372318 
-0.075613 
0.165543 
-0.338500 
-0.157447 
0.144164 
-0.034361 
-0.327998 
0.475411 
0.421273 
-0.075789 
0.053754 
-0.445658 
-0.281944 
-0.480611 
-0.078673 
0.253609 
-0.505624 
0.082723 
0.023644 
0.337015 
-0.449949 
-0.192872 
0.236231 
-0.446321 
0.339139 
-0.006845 
-0.033955 
0.166510 
-0.100953 
-0.005673 
-0.386989 
-0.345943 
-0.120262 
-0.490486 
-0.040570 
0.043816 
0.269044 
-0.455877 
-0.263000 
-0.170764 
0.024366 
-0.218412 
0.173821 
0.372363 
-0.022523 
0.110824 
0.054649 
-0.088228 
0.265877 
-0.245060 
-0.471740 
-0.205977 
0.110577 
-0.195579 
0.237659 
0.464267 
0.212645 
0.009944 
-0.074540 
-0.272655 
0.117902 
-0.231331 
-0.035384 
-0.372267 
0.136948 
-0.105332 
0.357109 
0.024848 
-0.095737 
-0.046957 
-0.385047 
-0.094595 
-0.341210 
-0.375370 
0.111666 
0.464129 
0.138035 
-0.171258 
0.092809 
0.300603 
-0.491861 
0.133348 
0.469936 
0.389467 
-0.316113 
-0.207167 
0.438469 
-0.289237 
-0.005796 
-0.470417 
-0.376891 
-0.298955 
0.483062 
-0.138204 
-0.212791 
0.444921 
0.250924 
-0.246240 
-0.403193 
-0.427729 
-0.262465 
0.318298 
-0.081061 
-0.103996 
-0.175528 
-0.103728 
0.344826 
0.417125 
-0.359457 
-0.264240 
-0.104399 
0.418545 
-0.025065 
-0.015614 
-0.267289 
0.074431 
-0.202127 
-0.088273 
0.240939 
-0.445316 
-0.454084 
0.279185 
0.267658 
0.192839 
-0.187782 
-0.105307 
-0.147107 
-0.284988 
0.455137 
0.177718 
-0.019913 
0.051678 
0.388340 
0.026149 
-0.261693 
-0.227674 
-0.255077 
0.163843 
-0.219651 
0.407117 
-0.073563 
0.346795 
-0.177300 
0.298998 
0.084770 
0.211495 
-0.453308 
0.477444 
-0.126769 
-0.436730 
0.417939 
0.081531 
0.124545 
0.029209 
0.363537 
-0.087771 
0.431080 
0.114227 
0.414590 
0.320335 
0.089313 
-0.435030 
-0.365865 
-0.308868 
0.103707 
0.421554 
0.287992 
0.124305 
0.056960 
0.503802 
0.466494 
-0.182270 
0.217530 
0.236081 
-0.041945 
-0.007837 
0.025439 
-0.187643 
0.444878 
-0.155079 
0.142129 
-0.087131 
0.311755 
-0.048359 
0.021068 
0.075355 
0.058262 
-0.343553 
0.230268 
-0.346181 
0.158203 
0.305342 
-0.193169 
-0.402223 
-0.470826 
-0.134097 
0.228443 
0.457274 
0.279564 
-0.361802 
0.100664 
0.333716 
-0.081688 
0.365227 
-0.236157 
0.478235 
-0.016752 
-0.454117 
0.442831 
-0.386138 
0.258743 
-0.086654 
-0.114056 
-0.000722 
-0.322241 
-0.346073 
-0.314243 
0.070689 
0.487659 
0.232072 
0.387317 
0.320514 
-0.018399 
0.283781 
0.442753 
0.093995 
0.040976 
-0.467495 
-0.176264 
0.045671 
-0.031914 
-0.061490 
0.328065 
0.289974 
-0.321366 
0.318390 
0.325619 
0.306867 
0.315250 
0.107069 
-0.401394 
0.189428 
-0.466027 
0.032237 
-0.103725 
0.353559 
-0.148795 
-0.466515 
0.251187 
0.189489 
0.473928 
-0.186505 
-0.053028 
-0.467324 
-0.394471 
0.387100 
-0.099649 
0.059330 
0.150671 
0.515268 
-0.213863 
-0.339921 
-0.307124 
0.484624 
-0.057247 
0.076884 
0.494215 
-0.173731 
-0.448985 
0.237272 
0.312081 
-0.221002 
-0.067881 
-0.442114 
0.104626 
-0.037639 
0.191777 
0.106216 
-0.061847 
-0.479745 
-0.404049 
0.361370 
0.126899 
-0.081381 
-0.113532 
0.273395 
-0.446324 
-0.069716 
0.435382 
-0.056359 
0.227097 
0.085596 
-0.060093 
0.468371 
0.003107 
0.315346 
0.192399 
0.478236 
0.187645 
0.122371 
-0.252885 
0.468924 
-0.310841 
0.124185 
0.265345 
-0.142961 
0.120220 
-0.231268 
-0.284731 
0.052230 
-0.436879 
0.364517 
-0.014211 
-0.407930 
-0.100698 
0.146185 
0.076336 
-0.454311 
0.185170 
0.437936 
0.049344 
0.240220 
0.237040 
-0.123730 
-0.343275 
0.197122 
-0.416319 
0.219564 
0.387478 
0.121567 
-0.155632 
-0.240570 
0.055541 
-0.243667 
0.377858 
0.238349 
0.497515 
0.348977 
0.071477 
-0.354064 
-0.348760 
0.257516 
0.137357 
-0.272338 
-0.496340 
0.425807 
-0.435927 
0.085674 
-0.386592 
0.218274 
0.013801 
0.283162 
0.220528 
-0.385678 
0.496521 
-0.135959 
-0.425032 
-0.142411 
0.165417 
-0.034243 
-0.396802 
0.060033 
-0.415439 
0.150525 
0.223520 
0.527344 
-0.180876 
0.416287 
-0.214608 
-0.064855 
-0.279252 
-0.273343 
0.409977 
-0.281277 
0.038540 
0.456189 
-0.428182 
0.101278 
-0.490580 
0.299798 
-0.507052 
0.164569 
-0.323805 
-0.261457 
0.369567 
0.549123 
-0.018951 
-0.251839 
-0.085967 
0.391634 
-0.037236 
-0.211456 
-0.368892 
0.143487 
0.430990 
0.375013 
-0.125964 
-0.266703 
0.282786 
0.356344 
0.118092 
0.092611 
-0.107068 
-0.511836 
-0.032774 
0.267268 
-0.337762 
-0.199192 
0.022182 
-0.272229 
-0.422527 
-0.049816 
0.381837 
0.205764 
-0.300027 
-0.058402 
-0.221807 
0.102696 
0.316104 
-0.097747 
0.429412 
0.212427 
0.344570 
-0.088120 
0.347170 
0.238738 
0.198531 
-0.415912 
0.476598 
-0.041003 
0.177849 
-0.059550 
0.362058 
0.204507 
-0.233124 
0.218754 
0.215450 
0.284028 
-0.406227 
0.388517 
0.063425 
0.429461 
0.124023 
-0.374984 
-0.204079 
-0.140208 
0.013831 
0.108943 
-0.259164 
0.329856 
0.067665 
-0.293793 
-0.479039 
0.032758 
-0.383774 
-0.072328 
-0.221614 
-0.203962 
-0.392093 
-0.110849 
-0.038123 
0.200668 
0.294303 
0.138069 
-0.215456 
0.325656 
-0.244613 
-0.411312 
0.291570 
-0.128382 
0.390295 
-0.053288 
0.102942 
0.448049 
0.197849 
0.380663 
0.037302 
-0.308555 
-0.501607 
-0.506104 
-0.014601 
0.080445 
-0.410769 
0.354111 
-0.312271 
-0.260524 
-0.413461 
0.299298 
-0.446984 
0.053946 
0.009868 
-0.117909 
-0.443588 
-0.490404 
0.429267 
-0.036341 
-0.380595 
0.288649 
-0.439036 
0.087749 
-0.373274 
0.143761 
-0.024636 
0.473288 
0.153790 
0.019657 
-0.464893 
-0.337746 
-0.195317 
-0.259494 
-0.238541 
-0.477354 
0.261079 
0.141740 
0.035810 
-0.189004 
-0.489140 
0.320552 
-0.146452 
0.119482 
0.430029 
-0.110740 
-0.454962 
0.420648 
0.265638 
0.497380 
0.476431 
-0.120605 
-0.218259 
0.044223 
-0.023674 
0.469171 
0.484651 
-0.405378 
-0.298869 
0.068528 
0.324688 
0.064448 
-0.503672 
-0.119077 
-0.016274 
-0.404928 
-0.476603 
-0.323572 
0.174022 
-0.083432 
0.086888 
0.123428 
0.028674 
-0.293607 
-0.121782 
0.322745 
-0.089343 
0.061802 
-0.144417 
-0.314104 
-0.110751 
0.453782 
0.047976 
-0.106275 
0.122939 
0.310140 
0.410406 
0.350288 
0.329591 
-0.186907 
0.104431 
-0.220146 
-0.156255 
0.430588 
0.498356 
-0.017141 
-0.376695 
-0.187817 
0.053475 
-0.217501 
-0.061383 
0.179197 
0.278499 
0.370968 
0.169931 
-0.372422 
0.232456 
-0.075010 
0.268050 
0.048245 
-0.355489 
0.147293 
0.257193 
0.476609 
-0.292118 
-0.137520 
0.079233 
-0.074839 
-0.134926 
-0.224875 
-0.378081 
0.150293 
-0.452241 
0.185742 
0.380065 
0.106642 
0.149784 
-0.016126 
-0.154715 
0.156348 
-0.144093 
-0.211939 
0.225454 
0.155305 
0.144985 
0.152218 
-0.140917 
-0.118292 
-0.245557 
-0.257130 
0.129510 
0.209994 
-0.434935 
-0.410434 
-0.118437 
0.159515 
0.465292 
0.311709 
-0.171620 
0.245430 
-0.443323 
-0.435792 
0.367926 
-0.177840 
0.124805 
-0.399447 
-0.108840 
0.296581 
0.185194 
0.199491 
0.229270 
0.202051 
0.450081 
0.185236 
-0.202128 
-0.195595 
0.259666 
0.055397 
-0.083724 
-0.011447 
0.302029 
-0.148261 
-0.098293 
-0.070798 
0.303863 
-0.021932 
0.051989 
0.404908 
0.127688 
-0.363618 
-0.326090 
0.231035 
0.032223 
0.474107 
0.473219 
0.066323 
-0.106327 
0.058378 
0.121417 
-0.390979 
-0.377821 
0.223148 
-0.386078 
-0.036420 
-0.392594 
0.332791 
0.111771 
-0.366623 
-0.495494 
-0.266897 
-0.365631 
-0.241560 
-0.378969 
-0.407321 
0.367388 
-0.255968 
-0.120347 
-0.089133 
0.236676 
-0.210912 
-0.336010 
-0.204335 
0.328709 
0.127875 
0.431752 
-0.048131 
-0.278611 
-0.348496 
-0.333265 
-0.028855 
-0.038872 
-0.159567 
0.387162 
-0.361340 
0.060659 
0.392853 
0.205120 
0.174790 
0.073989 
-0.484685 
-0.281889 
-0.502910 
-0.021173 
0.306877 
-0.380541 
-0.392472 
0.066464 
-0.361065 
-0.049175 
-0.284449 
0.455882 
0.113235 
-0.080931 
-0.324623 
0.497105 
-0.402372 
0.381244 
-0.124642 
-0.116528 
0.017641 
-0.283530 
-0.315077 
-0.056694 
0.158462 
-0.189132 
-0.271384 
0.244753 
0.154002 
-0.032567 
-0.225387 
0.029220 
-0.466733 
0.424093 
0.382219 
0.448036 
0.063597 
0.295669 
-0.338765 
0.286155 
0.008234 
-0.212438 
0.340744 
-0.024578 
0.117988 
-0.492231 
0.240073 
0.375742 
0.283983 
0.285264 
-0.219143 
-0.443435 
0.252957 
0.208872 
-0.242436 
0.362786 
0.222679 
-0.444245 
-0.127350 
0.051580 
-0.173459 
-0.234391 
0.093314 
-0.390511 
0.430891 
-0.197695 
-0.246238 
-0.221034 
-0.006959 
0.228646 
-0.028947 
-0.313035 
0.433786 
0.385864 
0.453239 
0.358020 
-0.447885 
0.208736 
0.429751 
-0.443281 
0.137554 
0.412640 
-0.125709 
0.272239 
-0.056991 
0.368637 
-0.083762 
-0.319959 
-0.167644 
0.267025 
0.431248 
-0.078473 
0.212014 
-0.361325 
0.282302 
-0.344741 
-0.495847 
0.411324 
-0.210082 
-0.352986 
-0.235503 
-0.221136 
0.098301 
-0.328244 
-0.478448 
0.018726 
0.489931 
-0.027012 
-0.248647 
-0.327574 
0.339806 
-0.342538 
0.090086 
0.466963 
0.443928 
-0.205760 
0.052779 
-0.297107 
-0.239500 
-0.363386 
-0.484424 
-0.174358 
0.448299 
-0.406693 
0.475669 
-0.226321 
-0.278133 
0.293549 
-0.253438 
0.299720 
0.135990 
-0.057293 
0.285693 
0.120718 
0.427399 
0.119890 
0.427902 
-0.366397 
0.492623 
-0.187398 
-0.078628 
0.229955 
-0.126222 
0.089795 
-0.419099 
0.108245 
0.162928 
0.140503 
-0.182051 
-0.237946 
0.394499 
0.083531 
-0.106256 
0.235943 
-0.248946 
0.017646 
0.373446 
0.156421 
0.265678 
-0.193864 
0.311124 
0.009719 
-0.306744 
0.440462 
0.097631 
0.289339 
0.482252 
0.229619 
0.334703 
0.481924 
-0.383154 
0.452494 
0.311451 
-0.409385 
0.210532 
-0.356512 
0.138391 
0.272725 
0.336126 
-0.096462 
0.046191 
0.324734 
0.174715 
-0.369572 
0.411101 
0.392327 
-0.243042 
0.366029 
-0.080542 
0.318948 
0.012547 
-0.453115 
-0.209829 
-0.337720 
0.315724 
-0.474892 
-0.021012 
0.058011 
0.052703 
0.324608 
0.243220 
-0.478288 
0.338819 
0.040451 
0.115689 
0.411699 
0.382712 
0.161760 
-0.241893 
-0.380505 
0.295709 
-0.434970 
-0.134809 
-0.048786 
-0.078869 
0.282251 
-0.000835 
-0.452268 
0.323167 
0.377250 
-0.226531 
0.241433 
-0.401772 
-0.448967 
0.260022 
-0.288198 
-0.145838 
0.453955 
-0.327620 
0.144970 
0.066941 
0.454194 
0.281665 
-0.365405 
0.465659 
-0.041915 
0.090989 
-0.026538 
-0.085111 
0.299004 
-0.450982 
0.086066 
0.161853 
-0.171162 
0.324248 
0.032422 
-0.255990 
0.481082 
0.302596 
0.261681 
-0.387384 
-0.242040 
-0.491477 
-0.274886 
0.456914 
-0.028004 
-0.169641 
0.249871 
0.251632 
-0.250200 
0.262836 
-0.341728 
0.334605 
0.023042 
0.325771 
0.051793 
-0.407186 
0.459658 
-0.355127 
0.321246 
-0.437909 
-0.332965 
0.002221 
-0.405422 
-0.332749 
-0.284834 
0.445473 
0.141901 
-0.146965 
0.031791 
0.437916 
0.472276 
0.234964 
0.060629 
-0.339356 
0.080049 
0.333895 
0.361086 
0.143218 
0.094250 
0.408638 
-0.481405 
0.354390 
0.224136 
-0.416990 
0.277676 
-0.283665 
0.028062 
0.269066 
-0.239595 
0.446858 
-0.008462 
-0.069374 
0.402136 
0.178035 
0.464196 
0.255381 
0.060066 
-0.133973 
0.295987 
0.381869 
0.160218 
0.312238 
-0.347485 
0.041060 
-0.268519 
0.364546 
0.086978 
0.028546 
-0.315123 
-0.450400 
0.276899 
-0.355125 
0.382847 
-0.498088 
-0.378863 
0.333889 
0.469878 
-0.385421 
0.435679 
-0.212182 
-0.396127 
0.448089 
0.009012 
0.151181 
-0.051583 
0.462031 
-0.456802 
-0.226538 
0.341464 
-0.237138 
0.404324 
0.329236 
-0.173242 
0.250605 
0.140883 
0.361948 
-0.471423 
0.100269 
0.042807 
-0.001882 
-0.400450 
-0.413233 
-0.049222 
-0.335732 
0.320218 
-0.263943 
-0.490800 
0.011126 
0.243305 
-0.165519 
-0.232434 
-0.263690 
0.011106 
-0.384803 
-0.405872 
-0.401144 
0.257483 
-0.535843 
0.131223 
0.069752 
-0.459328 
0.074911 
0.452514 
0.179479 
0.096419 
0.090275 
0.057673 
0.242322 
-0.284523 
-0.440766 
0.050208 
0.153932 
0.219609 
-0.162953 
0.136493 
-0.506138 
0.403003 
-0.220434 
0.277341 
0.220954 
0.041252 
0.157396 
-0.060327 
0.186457 
-0.094397 
-0.263862 
-0.234288 
-0.174442 
-0.374726 
-0.469149 
-0.243758 
-0.316998 
-0.386422 
0.196286 
-0.374809 
0.302693 
-0.256857 
0.384612 
-0.098042 
-0.020634 
-0.477895 
0.383332 
-0.303666 
0.329206 
0.067400 
-0.253617 
-0.125056 
0.156260 
0.052569 
0.395958 
-0.085949 
-0.197827 
-0.015111 
-0.319683 
-0.196765 
0.444094 
-0.280739 
0.304917 
-0.305214 
-0.488306 
0.066819 
0.075514 
0.022725 
-0.457284 
-0.263402 
0.265190 
0.277935 
-0.306649 
-0.085665 
0.135323 
-0.094617 
-0.069960 
-0.313219 
0.240781 
0.049983 
0.185193 
0.402793 
-0.256080 
0.295215 
-0.215513 
-0.135436 
0.353633 
0.423769 
-0.249577 
0.009776 
-0.344231 
0.483216 
-0.373188 
-0.410279 
0.104940 
-0.019048 
-0.430336 
-0.280195 
0.002051 
-0.229560 
0.262859 
-0.051597 
-0.071489 
0.224656 
0.339736 
0.269051 
0.172915 
-0.140553 
-0.118487 
-0.450047 
0.003722 
-0.302793 
0.225545 
0.190015 
0.205397 
0.038919 
0.226796 
0.321734 
-0.058860 
0.386490 
-0.087285 
0.376329 
0.428938 
-0.490075 
-0.204164 
0.067587 
-0.217565 
0.179299 
0.206182 
0.082326 
-0.332063 
0.205943 
-0.175273 
-0.416685 
-0.116742 
0.121222 
0.320689 
-0.233718 
0.442744 
0.248914 
0.229533 
0.379050 
-0.190641 
0.385526 
-0.437932 
-0.199426 
0.143697 
-0.178507 
-0.127301 
0.276359 
-0.178021 
-0.422784 
0.056385 
0.448230 
0.180421 
-0.305950 
0.404117 
0.376400 
-0.311100 
0.274773 
-0.250402 
0.078520 
-0.132500 
-0.467466 
0.229254 
-0.125137 
0.367897 
-0.084616 
0.095120 
0.490349 
-0.041216 
-0.025169 
-0.517524 
-0.391490 
0.121480 
0.358967 
0.489336 
-0.102597 
0.311067 
0.045808 
-0.000177 
0.390255 
-0.473275 
-0.247429 
-0.270106 
0.009219 
-0.148929 
0.271191 
0.402864 
0.395517 
0.473932 
0.011593 
-0.336965 
0.466203 
-0.444810 
-0.089204 
-0.445231 
0.302110 
-0.002100 
0.218175 
0.424303 
0.247955 
0.455829 
-0.273019 
-0.483560 
-0.314631 
-0.294370 
-0.132690 
0.267358 
-0.062179 
-0.125353 
-0.327124 
0.143872 
0.173808 
0.016688 
-0.453335 
-0.153608 
0.269392 
-0.320949 
0.171769 
0.433675 
-0.063984 
-0.078933 
-0.296799 
0.353799 
0.222150 
-0.312510 
-0.129135 
-0.167879 
0.133578 
-0.280098 
-0.046848 
0.320270 
-0.362878 
-0.320901 
0.363804 
-0.468325 
0.312871 
0.255568 
-0.444040 
0.395331 
-0.166653 
0.205058 
-0.040002 
0.265403 
-0.469554 
-0.089990 
-0.079551 
-0.337429 
-0.172794 
-0.358531 
-0.079453 
0.457810 
-0.393187 
0.416178 
0.468656 
0.146360 
0.478597 
0.505896 
-0.434180 
-0.143138 
-0.293858 
-0.215567 
0.192537 
0.383967 
0.473351 
0.283820 
0.315806 
0.367980 
-0.134600 
-0.002978 
0.419476 
0.374030 
-0.148461 
-0.186226 
0.229161 
0.435824 
0.154149 
-0.251741 
0.260401 
0.038877 
0.219678 
-0.347702 
0.393853 
0.459415 
0.054185 
0.279173 
0.493510 
0.455320 
0.218623 
-0.205486 
-0.244718 
0.308754 
-0.405236 
-0.396678 
0.277053 
-0.047915 
-0.469202 
0.310942 
-0.249280 
0.017202 
-0.458219 
-0.377755 
-0.062925 
0.326038 
-0.183949 
-0.293299 
-0.021534 
-0.097014 
-0.063675 
0.522598 
-0.180296 
0.016750 
0.260576 
0.239502 
0.356956 
-0.238377 
-0.432446 
0.443619 
-0.430349 
0.179503 
0.032282 
-0.286792 
-0.346719 
-0.077470 
0.023938 
0.157325 
0.493041 
0.128855 
-0.031149 
0.156109 
-0.377567 
0.124410 
0.393766 
0.214228 
0.104573 
-0.344455 
-0.088378 
-0.331268 
0.302472 
-0.474451 
0.092450 
0.142350 
-0.122815 
-0.385159 
0.130934 
0.513246 
-0.264869 
-0.095812 
-0.181320 
0.333618 
-0.007405 
-0.398416 
-0.438371 
-0.306551 
0.359782 
0.357442 
0.478301 
-0.390464 
-0.356402 
-0.033646 
-0.441353 
0.164740 
0.057867 
-0.123410 
-0.003249 
0.311858 
0.489523 
-0.373409 
-0.455948 
-0.177765 
-0.003083 
0.136185 
-0.168077 
0.230876 
-0.451268 
-0.432991 
0.344853 
-0.100007 
0.380796 
-0.131761 
0.465990 
-0.098750 
0.149400 
0.402402 
-0.407946 
0.261783 
0.298857 
-0.046009 
-0.161199 
-0.314942 
0.045197 
0.274948 
-0.381837 
-0.454491 
-0.151005 
0.438562 
0.030439 
-0.054728 
0.343059 
0.107352 
0.085678 
-0.200380 
0.206715 
0.032212 
0.090159 
0.362882 
-0.475680 
0.065247 
0.155721 
-0.456451 
-0.282752 
0.486741 
0.336939 
0.206248 
-0.100841 
0.159926 
-0.026277 
-0.440389 
0.315334 
0.264800 
0.205899 
0.137796 
-0.317224 
0.239869 
0.411424 
-0.420460 
-0.245342 
0.222394 
-0.218333 
-0.394049 
0.469306 
0.379473 
-0.318524 
0.158772 
-0.064886 
0.077841 
-0.511936 
0.350695 
-0.073663 
0.156053 
-0.016329 
-0.088646 
-0.219483 
0.451576 
0.050966 
-0.063537 
-0.017771 
-0.309719 
0.375262 
0.100170 
-0.214299 
0.269620 
-0.344135 
0.111344 
-0.337287 
0.422530 
0.028767 
-0.029685 
0.432613 
-0.418877 
-0.215164 
0.489466 
0.176409 
-0.219329 
-0.277947 
0.380384 
0.428655 
0.386997 
0.201235 
-0.392093 
0.398158 
0.158214 
-0.139951 
0.321161 
-0.035962 
0.200218 
0.112107 
0.169768 
0.265853 
0.267461 
0.035567 
-0.218201 
0.129097 
-0.395652 
0.413260 
0.367645 
0.010103 
-0.339305 
-0.402638 
0.264455 
-0.057596 
0.010702 
-0.030875 
-0.406562 
0.219865 
0.194073 
-0.258910 
0.469029 
-0.067807 
-0.241287 
-0.390367 
0.158340 
0.381291 
-0.023616 
0.007616 
0.490958 
-0.398039 
-0.439967 
-0.309416 
-0.027891 
0.428921 
0.092030 
-0.290211 
0.309405 
-0.230442 
-0.381512 
-0.274795 
0.196331 
0.279802 
-0.039857 
-0.012285 
0.387971 
0.340409 
0.313116 
0.417413 
0.103885 
0.228804 
0.429474 
-0.015634 
0.229115 
0.009684 
0.124029 
0.364487 
0.054663 
0.444105 
0.415026 
-0.013616 
0.270339 
-0.247424 
0.314413 
-0.121170 
-0.294015 
-0.001691 
-0.174044 
-0.443273 
-0.077269 
-0.222255 
0.048690 
-0.355663 
-0.372545 
-0.201697 
0.212672 
-0.186240 
0.442243 
0.273455 
0.382837 
0.155537 
-0.447941 
0.288007 
-0.237461 
-0.194671 
0.193104 
-0.090230 
-0.316233 
0.318626 
-0.472626 
-0.292485 
-0.264860 
0.108343 
-0.356075 
0.411786 
0.032025 
-0.026208 
-0.336286 
-0.038343 
0.401499 
0.412361 
-0.462525 
0.181602 
-0.357248 
-0.155686 
-0.120314 
0.043379 
0.459313 
0.110411 
0.250774 
0.440510 
0.031249 
0.161341 
-0.322364 
0.294222 
-0.303549 
-0.372467 
0.393569 
0.477160 
-0.297676 
-0.390658 
0.482345 
-0.253571 
-0.497861 
0.076081 
0.352681 
-0.060850 
-0.372770 
-0.464634 
0.095404 
0.179404 
0.253641 
-0.413468 
-0.131462 
-0.251602 
-0.173352 
-0.408306 
-0.504471 
-0.275174 
0.337889 
-0.043801 
-0.152249 
-0.152026 
0.219440 
-0.068165 
0.232868 
0.001692 
0.249334 
-0.079535 
-0.066480 
-0.046421 
0.489016 
0.286489 
-0.235556 
0.287534 
0.386689 
0.059830 
0.216593 
-0.022013 
-0.008261 
0.009117 
0.235499 
-0.406409 
-0.335680 
0.094224 
0.461857 
0.466682 
0.445167 
-0.340344 
-0.395974 
0.302168 
0.294217 
0.149721 
0.269786 
0.488754 
0.200923 
-0.477285 
-0.088755 
-0.313260 
-0.287998 
-0.097676 
0.399177 
0.172366 
-0.337053 
-0.419840 
0.459438 
-0.423739 
-0.027761 
-0.419792 
0.305850 
-0.160245 
0.401449 
0.127612 
0.169654 
0.031740 
0.472437 
0.375172 
-0.053679 
0.055941 
-0.308835 
-0.178770 
0.325356 
0.046264 
0.025649 
0.297869 
0.024661 
0.314224 
-0.013925 
-0.398617 
0.288508 
-0.345162 
-0.183466 
-0.413409 
-0.191322 
0.026588 
-0.028811 
-0.338169 
-0.019957 
-0.352474 
0.036258 
0.249264 
0.012583 
-0.446098 
-0.392206 
0.476375 
0.030480 
0.106933 
0.336178 
0.242879 
-0.281392 
0.160966 
0.030674 
-0.029830 
-0.299838 
0.456125 
0.046828 
-0.276209 
0.493599 
-0.374609 
-0.478970 
0.400856 
0.290229 
0.169035 
-0.151902 
-0.356154 
-0.322052 
-0.003504 
0.447525 
0.291197 
0.007275 
-0.308041 
-0.123033 
0.060652 
-0.198011 
-0.307197 
0.215015 
-0.422038 
0.191956 
-0.371477 
-0.453312 
-0.407679 
0.298028 
0.502719 
0.440379 
0.021824 
-0.308448 
-0.490749 
-0.499272 
0.436184 
0.378759 
0.419369 
-0.083310 
-0.300308 
0.432603 
-0.090143 
-0.382576 
0.160942 
0.171286 
-0.408561 
0.175799 
0.458470 
0.210133 
0.407858 
-0.367511 
0.473605 
0.403608 
-0.415275 
0.007603 
-0.458953 
0.354775 
-0.138000 
-0.190526 
0.110612 
0.358587 
0.332987 
0.180360 
-0.256159 
-0.082727 
0.247754 
-0.457106 
-0.035069 
0.285555 
-0.037221 
-0.487633 
-0.466688 
0.164567 
0.051558 
-0.157452 
-0.285981 
0.409663 
-0.029214 
-0.362358 
-0.285036 
0.084977 
0.326626 
-0.301913 
-0.058204 
-0.417465 
0.460165 
-0.323188 
-0.363299 
0.385231 
-0.096900 
-0.228278 
0.159197 
-0.374118 
0.022666 
-0.168843 
0.128361 
0.257247 
-0.026112 
0.370746 
-0.211139 
-0.483572 
0.172686 
-0.229160 
0.224518 
-0.084351 
0.270030 
0.365525 
0.179881 
-0.192379 
-0.425341 
-0.374000 
-0.490608 
-0.080409 
0.466054 
-0.393916 
0.010389 
0.177875 
0.178120 
-0.319608 
0.156224 
-0.099537 
0.096423 
0.359547 
0.292626 
-0.310944 
-0.472123 
0.381093 
-0.376724 
-0.599554 
-0.264646 
-0.361179 
-0.120951 
-0.350642 
0.172293 
-0.378832 
-0.383491 
0.043873 
0.367108 
-0.081113 
-0.482613 
0.267076 
-0.080055 
-0.004965 
0.296198 
0.237207 
0.353013 
0.155020 
-0.289359 
-0.486667 
-0.092161 
0.161317 
-0.163976 
-0.283271 
0.015002 
0.009483 
-0.118592 
0.469534 
0.497149 
-0.262532 
0.064936 
0.174309 
-0.213219 
-0.210345 
0.510818 
0.189127 
0.437504 
-0.038292 
0.403639 
0.202965 
0.447147 
-0.432324 
-0.440530 
-0.421824 
0.414633 
0.334801 
-0.449567 
-0.095321 
0.218659 
0.283823 
0.407710 
0.489995 
0.122017 
0.079889 
-0.264385 
0.189792 
-0.337411 
0.020424 
0.204808 
0.378399 
-0.110639 
0.371835 
-0.432752 
-0.320134 
-0.409348 
0.256793 
0.469110 
0.165096 
-0.414641 
0.163621 
0.298396 
-0.331854 
0.253329 
0.434851 
0.429803 
0.246105 
-0.470161 
-0.264708 
0.213555 
0.366205 
0.233672 
0.431435 
0.255135 
-0.429450 
0.278553 
-0.449713 
-0.461586 
-0.515610 
0.051204 
0.269415 
0.080598 
0.074888 
-0.420933 
-0.149379 
-0.150473 
-0.026853 
-0.324895 
-0.251281 
-0.124667 
-0.128112 
-0.265625 
-0.285905 
0.214832 
-0.138650 
-0.249746 
0.444843 
-0.047126 
0.456925 
0.073432 
0.292510 
-0.026038 
0.416903 
0.078435 
0.097074 
-0.354004 
0.057721 
-0.322566 
0.134833 
0.087367 
-0.343883 
0.423623 
0.231806 
-0.488229 
-0.291855 
-0.103949 
0.170849 
0.137497 
-0.305600 
0.019721 
-0.099916 
-0.272672 
0.251000 
0.078872 
-0.037090 
0.008580 
0.488666 
-0.333852 
0.123959 
0.130034 
0.312904 
-0.235633 
0.286677 
-0.132258 
0.175693 
-0.192666 
-0.414207 
0.007646 
-0.250719 
0.207068 
-0.202390 
0.101262 
-0.084796 
-0.139673 
0.113404 
-0.331956 
0.274251 
0.060568 
-0.294755 
0.059573 
0.393651 
-0.124452 
0.087905 
-0.394069 
-0.314090 
0.196919 
0.092853 
-0.088195 
0.358671 
0.033277 
-0.391010 
-0.021199 
-0.349954 
-0.305902 
0.357256 
-0.504887 
-0.405673 
0.442592 
-0.105738 
-0.436781 
-0.262392 
0.328618 
-0.168463 
-0.432302 
-0.471800 
0.173530 
0.283230 
0.089784 
0.473012 
-0.034256 
0.014538 
0.180984 
-0.440601 
-0.411455 
0.477354 
-0.141927 
0.263984 
-0.332940 
0.143992 
0.008682 
0.124779 
-0.048224 
-0.020920 
0.206004 
0.328546 
-0.116166 
0.252217 
0.290490 
-0.183067 
