0.562735 
0.427905 
0.023961 
-0.047737 
0.330411 
-0.210470 
0.093736 
-0.265309 
0.084001 
-0.528020 
-0.027760 
0.496280 
-0.355881 
-0.268394 
0.643106 
-0.060196 
-0.099801 
0.500831 
-0.105229 
-0.244539 
0.107209 
-0.016131 
0.147769 
0.152816 
-0.183388 
0.479648 
0.303168 
0.058742 
-0.210598 
-0.099124 
0.162126 
-0.146077 
-0.337956 
0.613976 
0.250284 
0.066943 
-0.403659 
-0.428191 
0.018892 
0.097917 
0.080432 
-0.091612 
-0.121044 
0.110435 
0.212417 
-0.436004 
0.406903 
0.447922 
-0.203215 
0.179205 
0.134653 
-0.530175 
-0.105297 
-0.020862 
-0.063240 
0.196332 
0.433900 
-0.375263 
-0.123872 
0.037382 
-0.383127 
-0.172033 
-0.122135 
0.265224 
-0.196466 
-0.131295 
0.471268 
-0.527824 
0.122161 
-0.170531 
-0.633552 
-0.325142 
-0.466152 
0.228004 
0.305661 
-0.266692 
-0.286539 
0.002886 
0.354898 
0.025359 
-0.093283 
-0.086105 
0.011993 
-0.505095 
-0.690706 
0.302140 
-0.117049 
-0.333040 
0.513308 
0.134054 
-0.174820 
0.496523 
0.189634 
0.030461 
0.182223 
0.080631 
0.083534 
0.200967 
0.054784 
-0.041286 
-0.095660 
0.084899 
0.327446 
-0.115848 
0.032520 
0.314135 
0.074008 
0.570088 
-0.092411 
0.051678 
-0.471159 
